[results]
loss=0.9611167
err=0.30287388
elapsed_time_chunk=6.041922
