[results]
loss=1.0388693
err=0.32529098
elapsed_time_chunk=6.216720
