[results]
loss=0.9622873
err=0.30387068
elapsed_time_chunk=6.458822
