[results]
loss=1.1118464
err=0.34427467
elapsed_time_chunk=5.679852
