[results]
loss=1.8265046
err=0.5062991
elapsed_time_chunk=6.348261
