[results]
loss=1.5070966
err=0.4400326
elapsed_time_chunk=6.276109
