[results]
loss=1.1627309
err=0.355204
elapsed_time_chunk=6.513057
