[results]
loss=1.9317411
err=0.52824116
elapsed_time_chunk=6.313622
