[results]
loss=1.3774254
err=0.4106581
elapsed_time_chunk=6.842731
