[results]
loss=1.0275996
err=0.31912336
elapsed_time_chunk=6.331806
