[results]
loss=1.0607648
err=0.3283125
elapsed_time_chunk=6.540644
