[results]
loss=1.0318897
err=0.3189652
elapsed_time_chunk=6.399806
