[results]
loss=1.5937939
err=0.45805946
elapsed_time_chunk=6.789779
