[results]
loss=1.1756704
err=0.35865197
elapsed_time_chunk=6.352013
