[results]
loss=1.1265475
err=0.34471133
elapsed_time_chunk=6.434232
