[results]
loss=1.2229624
err=0.37283337
elapsed_time_chunk=6.299164
