[results]
loss=2.0333517
err=0.5493471
elapsed_time_chunk=6.440566
