[results]
loss=1.423007
err=0.42060268
elapsed_time_chunk=6.563464
