[results]
loss=1.0338029
err=0.32088512
elapsed_time_chunk=6.568822
