[results]
loss=1.124086
err=0.34583127
elapsed_time_chunk=5.793621
