[results]
loss=1.2240722
err=0.37180078
elapsed_time_chunk=7.260890
