[results]
loss=1.0204163
err=0.31854224
elapsed_time_chunk=6.646858
