[results]
loss=1.0425487
err=0.32346103
elapsed_time_chunk=6.650455
