[results]
loss=1.7186444
err=0.48439294
elapsed_time_chunk=6.356841
