[results]
loss=1.1306559
err=0.34843487
elapsed_time_chunk=6.711083
