[results]
loss=1.4182452
err=0.419082
elapsed_time_chunk=6.416493
