[results]
loss=1.2037077
err=0.36686552
elapsed_time_chunk=6.500832
