[results]
loss=1.167993
err=0.35779217
elapsed_time_chunk=6.730795
