[results]
loss=2.1756566
err=0.57532936
elapsed_time_chunk=5.824677
