[results]
loss=1.1022955
err=0.33916554
elapsed_time_chunk=6.577442
