[results]
loss=1.4632572
err=0.42738318
elapsed_time_chunk=6.748378
