[results]
loss=1.0640923
err=0.32989496
elapsed_time_chunk=6.489709
