[results]
loss=1.3545823
err=0.40412334
elapsed_time_chunk=6.451936
