[results]
loss=2.7748406
err=0.66304994
elapsed_time_chunk=6.131386
