[results]
loss=1.0840075
err=0.33421868
elapsed_time_chunk=6.495279
