[results]
loss=1.2037426
err=0.36701518
elapsed_time_chunk=5.862947
