[results]
loss=2.269697
err=0.58961445
elapsed_time_chunk=6.351787
