[results]
loss=1.0090404
err=0.31420982
elapsed_time_chunk=6.899665
