[results]
loss=1.4009607
err=0.41401845
elapsed_time_chunk=5.862567
