[results]
loss=1.4203002
err=0.42058706
elapsed_time_chunk=6.236664
