[results]
loss=1.7161027
err=0.48546964
elapsed_time_chunk=6.566863
