[results]
loss=1.7155576
err=0.48493397
elapsed_time_chunk=6.343478
