[results]
loss=1.806079
err=0.50368714
elapsed_time_chunk=5.899033
