[results]
loss=1.0949386
err=0.33799225
elapsed_time_chunk=6.568284
