[results]
loss=1.051726
err=0.32596534
elapsed_time_chunk=6.438926
