[results]
loss=1.7120963
err=0.48350695
elapsed_time_chunk=6.318683
