[results]
loss=1.573787
err=0.45342273
elapsed_time_chunk=5.978826
