[results]
loss=1.077619
err=0.33374554
elapsed_time_chunk=6.722932
