[results]
loss=1.263386
err=0.38159907
elapsed_time_chunk=6.484267
