[results]
loss=1.6454849
err=0.47069424
elapsed_time_chunk=5.889202
