[results]
loss=1.0384073
err=0.32261607
elapsed_time_chunk=7.281073
