[results]
loss=1.4483391
err=0.42574748
elapsed_time_chunk=6.261878
