[results]
loss=1.0595305
err=0.32817823
elapsed_time_chunk=5.814763
