[results]
loss=1.1913308
err=0.36129722
elapsed_time_chunk=6.065899
