[results]
loss=1.026544
err=0.31858224
elapsed_time_chunk=6.784598
