[results]
loss=1.543501
err=0.4480251
elapsed_time_chunk=5.972202
