[results]
loss=1.4103891
err=0.41807863
elapsed_time_chunk=6.498786
