[results]
loss=1.4325317
err=0.42210054
elapsed_time_chunk=5.873762
