[results]
loss=1.0259209
err=0.31985843
elapsed_time_chunk=6.497611
