[results]
loss=1.0618173
err=0.32801607
elapsed_time_chunk=6.908201
