[results]
loss=1.833516
err=0.5091819
elapsed_time_chunk=6.482232
