[results]
loss=2.5076807
err=0.6253944
elapsed_time_chunk=6.402926
