[results]
loss=4.5893188
err=0.8262298
elapsed_time_chunk=6.585462
