[results]
loss=1.5603637
err=0.4527218
elapsed_time_chunk=6.674199
