[results]
loss=1.6489028
err=0.47098592
elapsed_time_chunk=6.420273
