[results]
loss=1.0307738
err=0.3201955
elapsed_time_chunk=6.149874
