[results]
loss=1.5304718
err=0.44553837
elapsed_time_chunk=6.488648
