[results]
loss=1.335579
err=0.40086237
elapsed_time_chunk=6.170079
