[results]
loss=1.1346544
err=0.34875438
elapsed_time_chunk=6.336477
