[results]
loss=1.1149554
err=0.3436018
elapsed_time_chunk=6.111656
