[results]
loss=1.3978078
err=0.41333872
elapsed_time_chunk=6.259816
