[results]
loss=1.0622702
err=0.3284766
elapsed_time_chunk=5.757424
