[results]
loss=1.2539165
err=0.37939814
elapsed_time_chunk=6.345847
