[results]
loss=1.1152306
err=0.34362
elapsed_time_chunk=6.321516
