[results]
loss=1.3981602
err=0.41480988
elapsed_time_chunk=6.686926
