[results]
loss=1.2028619
err=0.36666995
elapsed_time_chunk=33.112483
