[results]
loss=1.0207487
err=0.3177054
elapsed_time_chunk=6.350743
