[results]
loss=1.1433635
err=0.35218856
elapsed_time_chunk=6.390331
