[results]
loss=1.1587611
err=0.35262004
elapsed_time_chunk=6.391751
