[results]
loss=1.5275569
err=0.4430171
elapsed_time_chunk=6.540772
