[results]
loss=1.831642
err=0.50768936
elapsed_time_chunk=6.488953
