[results]
loss=1.030815
err=0.32022756
elapsed_time_chunk=5.812085
