[results]
loss=1.4636669
err=0.43028188
elapsed_time_chunk=6.494462
