[results]
loss=1.308806
err=0.3942662
elapsed_time_chunk=6.381428
