[results]
loss=1.1070386
err=0.34186807
elapsed_time_chunk=6.448415
