[results]
loss=2.385151
err=0.6060556
elapsed_time_chunk=6.384920
