[results]
loss=1.0921916
err=0.33755082
elapsed_time_chunk=6.197850
