[results]
loss=2.2263803
err=0.5812841
elapsed_time_chunk=6.326586
