[results]
loss=3.690849
err=0.7561704
elapsed_time_chunk=6.251505
