[results]
loss=1.299611
err=0.3893199
elapsed_time_chunk=6.340005
