[results]
loss=1.4803697
err=0.43454736
elapsed_time_chunk=6.002670
