[results]
loss=1.0191702
err=0.31650698
elapsed_time_chunk=6.305418
