[results]
loss=1.3402512
err=0.4008916
elapsed_time_chunk=5.928261
