[results]
loss=1.1899735
err=0.3619972
elapsed_time_chunk=6.477721
