[results]
loss=1.7236139
err=0.4855766
elapsed_time_chunk=6.336003
