[results]
loss=1.0324751
err=0.32002082
elapsed_time_chunk=6.230402
