[results]
loss=1.0336629
err=0.32033017
elapsed_time_chunk=6.679692
