[results]
loss=1.1824682
err=0.36387405
elapsed_time_chunk=6.495025
