[results]
loss=1.9962398
err=0.5430739
elapsed_time_chunk=6.392203
