[results]
loss=1.5881715
err=0.45690957
elapsed_time_chunk=6.991410
