[results]
loss=1.231379
err=0.3743419
elapsed_time_chunk=6.020257
