[results]
loss=1.3536392
err=0.4029184
elapsed_time_chunk=6.400257
