[results]
loss=1.052817
err=0.3252752
elapsed_time_chunk=6.392043
