[results]
loss=1.629616
err=0.46680573
elapsed_time_chunk=6.349908
