[results]
loss=1.8499974
err=0.5132334
elapsed_time_chunk=6.284970
