[results]
loss=1.0419879
err=0.32532623
elapsed_time_chunk=6.327032
