[results]
loss=1.2435961
err=0.37538338
elapsed_time_chunk=5.930141
