[results]
loss=1.5654151
err=0.45182145
elapsed_time_chunk=6.661312
