[results]
loss=1.0199867
err=0.3175634
elapsed_time_chunk=6.430661
