[results]
loss=1.2175184
err=0.36896774
elapsed_time_chunk=6.728331
