[results]
loss=1.4786354
err=0.43316168
elapsed_time_chunk=6.441415
