[results]
loss=1.0058353
err=0.31204677
elapsed_time_chunk=6.477028
