[results]
loss=1.6421978
err=0.46862912
elapsed_time_chunk=6.418484
