[results]
loss=1.0275786
err=0.32037047
elapsed_time_chunk=6.414250
