[results]
loss=1.0540243
err=0.32727945
elapsed_time_chunk=5.894996
