[results]
loss=1.0338027
err=0.32301584
elapsed_time_chunk=6.432483
