[results]
loss=1.0265874
err=0.3184971
elapsed_time_chunk=5.980746
