[results]
loss=1.3428342
err=0.40175053
elapsed_time_chunk=6.206224
