[results]
loss=1.0394064
err=0.32305336
elapsed_time_chunk=5.835513
