[results]
loss=1.0623484
err=0.32830137
elapsed_time_chunk=6.437827
