[results]
loss=5.7817435
err=0.8883332
elapsed_time_chunk=6.368659
