[results]
loss=3.1434863
err=0.70457524
elapsed_time_chunk=6.266031
