[results]
loss=2.0217147
err=0.5446467
elapsed_time_chunk=6.369360
