[results]
loss=1.9739405
err=0.53561276
elapsed_time_chunk=6.295161
