[results]
loss=0.95415765
err=0.30125892
elapsed_time_chunk=6.288902
