[results]
loss=1.867795
err=0.52096766
elapsed_time_chunk=6.696446
