[results]
loss=0.9324971
err=0.2957067
elapsed_time_chunk=6.326237
