[results]
loss=1.6041901
err=0.46347138
elapsed_time_chunk=6.669883
