[results]
loss=1.166749
err=0.35818273
elapsed_time_chunk=6.150762
