[results]
loss=1.1117253
err=0.34443495
elapsed_time_chunk=6.439213
