[results]
loss=0.93643016
err=0.29853734
elapsed_time_chunk=6.351495
