[results]
loss=0.9361816
err=0.29572636
elapsed_time_chunk=5.992059
