[results]
loss=0.9437951
err=0.29849586
elapsed_time_chunk=6.436282
