[results]
loss=1.5423654
err=0.4507768
elapsed_time_chunk=6.277942
