[results]
loss=2.1621106
err=0.5794987
elapsed_time_chunk=6.462000
