[results]
loss=0.93477565
err=0.2949639
elapsed_time_chunk=6.473817
