[results]
loss=0.921688
err=0.29180804
elapsed_time_chunk=6.218580
