[results]
loss=0.9393147
err=0.2958939
elapsed_time_chunk=6.931880
