[results]
loss=0.9737777
err=0.30659932
elapsed_time_chunk=6.296555
