[results]
loss=0.9783092
err=0.30871263
elapsed_time_chunk=6.439937
