[results]
loss=1.041604
err=0.32453823
elapsed_time_chunk=6.370697
