[results]
loss=1.4520304
err=0.4304983
elapsed_time_chunk=6.253510
