[results]
loss=1.0219637
err=0.32145047
elapsed_time_chunk=6.462569
