[results]
loss=1.4534098
err=0.42821488
elapsed_time_chunk=6.321293
