[results]
loss=1.2034522
err=0.3669717
elapsed_time_chunk=5.860134
