[results]
loss=0.9603844
err=0.3036473
elapsed_time_chunk=6.371938
