[results]
loss=0.9551365
err=0.30153635
elapsed_time_chunk=5.846027
