[results]
loss=1.5896928
err=0.4594034
elapsed_time_chunk=6.264502
