[results]
loss=1.0428752
err=0.32557037
elapsed_time_chunk=6.389367
