[results]
loss=1.1637677
err=0.35841116
elapsed_time_chunk=6.568859
