[results]
loss=1.427339
err=0.42349154
elapsed_time_chunk=6.751418
