[results]
loss=2.022579
err=0.55207586
elapsed_time_chunk=5.961922
