[results]
loss=1.0401324
err=0.32595584
elapsed_time_chunk=6.345435
