[results]
loss=1.398086
err=0.41763318
elapsed_time_chunk=6.239324
