[results]
loss=0.9320731
err=0.29568642
elapsed_time_chunk=6.376283
