[results]
loss=1.3054818
err=0.39462355
elapsed_time_chunk=6.496864
