[results]
loss=1.6148664
err=0.46580482
elapsed_time_chunk=5.892618
