[results]
loss=1.7034363
err=0.48601276
elapsed_time_chunk=6.194310
