[results]
loss=0.9312214
err=0.29391116
elapsed_time_chunk=6.292175
