[results]
loss=1.0574156
err=0.33012843
elapsed_time_chunk=6.320051
