[results]
loss=1.1594932
err=0.35655892
elapsed_time_chunk=6.823848
