[results]
loss=0.94397825
err=0.29786044
elapsed_time_chunk=6.530850
