[results]
loss=1.7416573
err=0.4942374
elapsed_time_chunk=6.243888
