[results]
loss=2.0612402
err=0.5591034
elapsed_time_chunk=6.655857
