[results]
loss=0.9357303
err=0.2969815
elapsed_time_chunk=6.520044
