[results]
loss=0.94217473
err=0.29990506
elapsed_time_chunk=5.987017
