[results]
loss=2.0500252
err=0.5551183
elapsed_time_chunk=6.383265
