[results]
loss=0.97123545
err=0.30571255
elapsed_time_chunk=7.288608
