[results]
loss=1.61255
err=0.4662253
elapsed_time_chunk=6.408687
