[results]
loss=0.99046355
err=0.31003246
elapsed_time_chunk=5.980644
