[results]
loss=1.2398593
err=0.37629685
elapsed_time_chunk=6.472324
