[results]
loss=1.7137351
err=0.48624554
elapsed_time_chunk=6.221641
