[results]
loss=0.95582473
err=0.30191433
elapsed_time_chunk=6.262204
