[results]
loss=0.9203962
err=0.2918378
elapsed_time_chunk=6.465591
