[results]
loss=1.480734
err=0.43609217
elapsed_time_chunk=6.594277
