[results]
loss=0.93375903
err=0.295694
elapsed_time_chunk=5.865731
