[results]
loss=1.2979999
err=0.39238295
elapsed_time_chunk=6.326254
