[results]
loss=1.0948539
err=0.3387144
elapsed_time_chunk=6.360247
