[results]
loss=1.3706795
err=0.40971088
elapsed_time_chunk=6.204736
