[results]
loss=1.1625531
err=0.35761672
elapsed_time_chunk=6.453190
