[results]
loss=0.9338106
err=0.2974918
elapsed_time_chunk=6.499263
