[results]
loss=1.6031693
err=0.46271732
elapsed_time_chunk=6.557856
