[results]
loss=0.96105933
err=0.30226249
elapsed_time_chunk=6.649699
