[results]
loss=0.99647146
err=0.31231043
elapsed_time_chunk=6.235396
