[results]
loss=0.9290178
err=0.29416105
elapsed_time_chunk=6.295789
