[results]
loss=1.1909145
err=0.36506084
elapsed_time_chunk=6.445772
