[results]
loss=0.9352139
err=0.29512888
elapsed_time_chunk=6.335371
