[results]
loss=0.9902147
err=0.3114646
elapsed_time_chunk=6.444806
