[results]
loss=0.9339876
err=0.2955592
elapsed_time_chunk=7.096554
