[results]
loss=1.710869
err=0.48847
elapsed_time_chunk=6.497924
