[results]
loss=0.95151
err=0.30026627
elapsed_time_chunk=5.828136
