[results]
loss=1.1282117
err=0.34957764
elapsed_time_chunk=6.527497
