[results]
loss=2.4941444
err=0.63545257
elapsed_time_chunk=6.198843
