[results]
loss=1.3286468
err=0.40022063
elapsed_time_chunk=6.673787
