[results]
loss=0.94184506
err=0.2976384
elapsed_time_chunk=6.682839
