[results]
loss=1.0367651
err=0.32426298
elapsed_time_chunk=6.382496
