[results]
loss=1.5336629
err=0.44850466
elapsed_time_chunk=6.362677
