[results]
loss=1.468501
err=0.43334487
elapsed_time_chunk=5.961909
