[results]
loss=0.9522784
err=0.29983792
elapsed_time_chunk=6.438247
