[results]
loss=1.0482118
err=0.32642817
elapsed_time_chunk=6.012060
