[results]
loss=1.5170885
err=0.44561878
elapsed_time_chunk=6.271335
