[results]
loss=1.3094108
err=0.3959732
elapsed_time_chunk=6.380452
