[results]
loss=1.1447016
err=0.354456
elapsed_time_chunk=6.234511
