[results]
loss=1.8470725
err=0.51534164
elapsed_time_chunk=6.774601
