[results]
loss=1.4394382
err=0.4262187
elapsed_time_chunk=6.276575
