[results]
loss=1.4007598
err=0.41581118
elapsed_time_chunk=6.193053
