[results]
loss=1.5443877
err=0.44896364
elapsed_time_chunk=6.396510
