[results]
loss=1.866065
err=0.5211545
elapsed_time_chunk=6.697522
