[results]
loss=0.9344242
err=0.29540315
elapsed_time_chunk=6.420596
