[results]
loss=1.0042372
err=0.31562588
elapsed_time_chunk=6.924723
