[results]
loss=1.1538795
err=0.35508475
elapsed_time_chunk=5.920707
