[results]
loss=1.3756344
err=0.41182724
elapsed_time_chunk=6.179337
