[results]
loss=1.8148521
err=0.5073242
elapsed_time_chunk=5.849038
