[results]
loss=1.0724918
err=0.33546552
elapsed_time_chunk=6.253821
