[results]
loss=1.315348
err=0.39681864
elapsed_time_chunk=6.733711
