[results]
loss=0.933919
err=0.29564548
elapsed_time_chunk=6.197416
