[results]
loss=1.1447934
err=0.35268173
elapsed_time_chunk=5.987417
