[results]
loss=0.99684757
err=0.31403756
elapsed_time_chunk=5.839637
