[results]
loss=2.711839
err=0.6674644
elapsed_time_chunk=6.164251
