[results]
loss=1.0255632
err=0.3212454
elapsed_time_chunk=6.405217
