[results]
loss=0.98505145
err=0.31057358
elapsed_time_chunk=6.247181
