[results]
loss=0.9409983
err=0.29750833
elapsed_time_chunk=6.427866
