[results]
loss=1.356304
err=0.40680838
elapsed_time_chunk=6.158385
