[results]
loss=2.343059
err=0.61097676
elapsed_time_chunk=5.963152
