[results]
loss=1.2077513
err=0.36948684
elapsed_time_chunk=6.569175
