[results]
loss=0.9994518
err=0.3148926
elapsed_time_chunk=6.499708
