[results]
loss=0.9165142
err=0.29040423
elapsed_time_chunk=6.483823
