[results]
loss=3.3194854
err=0.74577713
elapsed_time_chunk=6.526932
