[results]
loss=1.2847356
err=0.38838348
elapsed_time_chunk=6.712315
