[results]
loss=1.6891828
err=0.48185882
elapsed_time_chunk=6.611674
