[results]
loss=5.00586
err=0.86412585
elapsed_time_chunk=6.757812
