[results]
loss=1.8765188
err=0.52250606
elapsed_time_chunk=6.430686
