[results]
loss=2.1342611
err=0.5709694
elapsed_time_chunk=6.585325
