[results]
loss=0.9255053
err=0.29290926
elapsed_time_chunk=5.923316
