[results]
loss=0.9541822
err=0.3009225
elapsed_time_chunk=6.464584
