[results]
loss=0.9306398
err=0.29478902
elapsed_time_chunk=6.504183
