[results]
loss=1.0018169
err=0.31471157
elapsed_time_chunk=6.404250
