[results]
loss=1.3299594
err=0.4015995
elapsed_time_chunk=5.929766
