[results]
loss=1.4725777
err=0.43397796
elapsed_time_chunk=6.327309
