[results]
loss=1.3634012
err=0.40713185
elapsed_time_chunk=6.958804
