[results]
loss=1.0530021
err=0.32890272
elapsed_time_chunk=6.019438
