[results]
loss=1.0933669
err=0.34047064
elapsed_time_chunk=6.375258
