[results]
loss=1.0561801
err=0.32996112
elapsed_time_chunk=6.611437
