[results]
loss=1.842455
err=0.51527107
elapsed_time_chunk=8.414167
