[results]
loss=1.4867721
err=0.4379375
elapsed_time_chunk=7.172494
