[results]
loss=1.9671693
err=0.53979325
elapsed_time_chunk=8.215654
