[results]
loss=1.4839056
err=0.4353549
elapsed_time_chunk=7.810801
