[results]
loss=1.4525503
err=0.4290814
elapsed_time_chunk=8.423919
