[results]
loss=1.5206273
err=0.44452778
elapsed_time_chunk=5.715022
