[results]
loss=1.3975714
err=0.41591072
elapsed_time_chunk=13.966438
