[results]
loss=1.41793
err=0.42257056
elapsed_time_chunk=15.938807
