[results]
loss=1.4527801
err=0.43095702
elapsed_time_chunk=6.512058
