[results]
loss=1.5597103
err=0.45599088
elapsed_time_chunk=6.931284
