[results]
loss=1.5676491
err=0.45709607
elapsed_time_chunk=6.208809
