[results]
loss=1.6159347
err=0.46444166
elapsed_time_chunk=7.357503
