[results]
loss=5.325312
err=0.880116
elapsed_time_chunk=7.183608
