[results]
loss=1.6689754
err=0.4777199
elapsed_time_chunk=8.271929
