[results]
loss=1.6686829
err=0.4785033
elapsed_time_chunk=8.236324
