[results]
loss=1.6587557
err=0.4774345
elapsed_time_chunk=6.388787
