[results]
loss=1.5885099
err=0.45943424
elapsed_time_chunk=9.193271
