[results]
loss=1.4673961
err=0.43338954
elapsed_time_chunk=9.574538
