[results]
loss=1.4457352
err=0.4271891
elapsed_time_chunk=8.161984
