[results]
loss=1.385432
err=0.412815
elapsed_time_chunk=12.915615
