[results]
loss=2.047699
err=0.5556126
elapsed_time_chunk=8.344155
