[results]
loss=1.8175325
err=0.5092539
elapsed_time_chunk=9.238299
