[results]
loss=1.7392813
err=0.49309325
elapsed_time_chunk=6.096089
