[results]
loss=1.4375604
err=0.42703426
elapsed_time_chunk=12.015622
