[results]
loss=1.599316
err=0.46397224
elapsed_time_chunk=6.294417
