[results]
loss=1.4743544
err=0.43272886
elapsed_time_chunk=7.629255
