[results]
loss=1.7175047
err=0.48862913
elapsed_time_chunk=8.048718
