[results]
loss=1.4261439
err=0.42240396
elapsed_time_chunk=6.464442
