[results]
loss=1.4697552
err=0.43313524
elapsed_time_chunk=7.307931
