[results]
loss=2.4188411
err=0.6243768
elapsed_time_chunk=6.324689
