[results]
loss=1.488496
err=0.4361507
elapsed_time_chunk=9.995436
