[results]
loss=1.6568838
err=0.4759889
elapsed_time_chunk=10.731531
