[results]
loss=1.7775645
err=0.501566
elapsed_time_chunk=8.409750
