[results]
loss=1.8559383
err=0.5168841
elapsed_time_chunk=9.805091
