[results]
loss=1.9753764
err=0.5428592
elapsed_time_chunk=9.078640
