[results]
loss=1.619445
err=0.4653979
elapsed_time_chunk=8.302141
