[results]
loss=1.4238038
err=0.42247662
elapsed_time_chunk=6.903766
