[results]
loss=2.2368126
err=0.592159
elapsed_time_chunk=6.581085
