[results]
loss=1.8504468
err=0.51844245
elapsed_time_chunk=6.152993
