[results]
loss=1.7811267
err=0.501777
elapsed_time_chunk=6.210426
