[results]
loss=1.4598927
err=0.43116266
elapsed_time_chunk=5.674928
