[results]
loss=1.4502586
err=0.43076795
elapsed_time_chunk=10.066606
