[results]
loss=1.8687266
err=0.52124345
elapsed_time_chunk=7.158633
