[results]
loss=1.6203231
err=0.46726426
elapsed_time_chunk=6.476454
