[results]
loss=1.7560349
err=0.49802774
elapsed_time_chunk=7.487145
