[results]
loss=1.510716
err=0.44251373
elapsed_time_chunk=9.164166
