[results]
loss=2.0729775
err=0.561607
elapsed_time_chunk=15.842527
