[results]
loss=1.4601352
err=0.43106726
elapsed_time_chunk=5.952295
