[results]
loss=1.9826607
err=0.5440019
elapsed_time_chunk=6.669122
