[results]
loss=1.9753087
err=0.54286724
elapsed_time_chunk=8.699777
