[results]
loss=2.2213335
err=0.5903693
elapsed_time_chunk=6.821229
