[results]
loss=2.1946402
err=0.5825957
elapsed_time_chunk=6.599064
