[results]
loss=1.592905
err=0.46214995
elapsed_time_chunk=11.045224
