[results]
loss=2.4014373
err=0.62076396
elapsed_time_chunk=7.086263
