[results]
loss=1.618536
err=0.46669525
elapsed_time_chunk=6.590679
