[results]
loss=1.6222404
err=0.4693363
elapsed_time_chunk=9.635025
