[results]
loss=1.7419324
err=0.49462777
elapsed_time_chunk=6.370058
