[results]
loss=1.4807606
err=0.43500447
elapsed_time_chunk=6.919551
