[results]
loss=1.7314317
err=0.49462917
elapsed_time_chunk=6.448907
