[results]
loss=1.722377
err=0.48975626
elapsed_time_chunk=7.081802
