[results]
loss=1.4471979
err=0.42865542
elapsed_time_chunk=9.922127
