[results]
loss=1.7296925
err=0.4935321
elapsed_time_chunk=8.509256
