[results]
loss=1.4498171
err=0.42887744
elapsed_time_chunk=8.391211
