[results]
loss=1.7255892
err=0.48955995
elapsed_time_chunk=8.132437
