[results]
loss=1.8313662
err=0.51266617
elapsed_time_chunk=12.440635
