[results]
loss=1.9088172
err=0.5286443
elapsed_time_chunk=11.227270
