[results]
loss=1.8231972
err=0.510988
elapsed_time_chunk=11.507018
