[results]
loss=3.8723066
err=0.7971559
elapsed_time_chunk=6.188030
