[results]
loss=1.5488639
err=0.45193592
elapsed_time_chunk=8.289376
