[results]
loss=3.1972866
err=0.7337281
elapsed_time_chunk=6.906722
