[results]
loss=1.6040903
err=0.4659001
elapsed_time_chunk=12.075538
