[results]
loss=1.4821987
err=0.4374778
elapsed_time_chunk=8.956543
