[results]
loss=2.5562606
err=0.64782155
elapsed_time_chunk=6.675238
