[results]
loss=2.074516
err=0.55994195
elapsed_time_chunk=7.466986
