[results]
loss=1.4415674
err=0.42568302
elapsed_time_chunk=7.236830
