[results]
loss=1.63343
err=0.47049466
elapsed_time_chunk=6.731248
