[results]
loss=2.7305863
err=0.6750174
elapsed_time_chunk=5.785042
