[results]
loss=1.564001
err=0.45719144
elapsed_time_chunk=6.663865
