[results]
loss=1.6252003
err=0.4699887
elapsed_time_chunk=8.195961
