[results]
loss=2.0952508
err=0.56712824
elapsed_time_chunk=10.119678
