[results]
loss=1.5088499
err=0.44272316
elapsed_time_chunk=16.402538
