[results]
loss=1.8628778
err=0.51983106
elapsed_time_chunk=8.010532
