[results]
loss=1.7099519
err=0.4876026
elapsed_time_chunk=6.797589
