[results]
loss=2.2401354
err=0.593777
elapsed_time_chunk=6.431960
