[results]
loss=1.9815369
err=0.54384327
elapsed_time_chunk=11.637851
