[results]
loss=2.1563137
err=0.5745619
elapsed_time_chunk=7.356916
