[results]
loss=2.3652408
err=0.61568874
elapsed_time_chunk=6.269646
