[results]
loss=1.7656562
err=0.49797043
elapsed_time_chunk=6.929961
