[results]
loss=1.9079232
err=0.5288574
elapsed_time_chunk=6.485506
