[results]
loss=1.8009274
err=0.50847924
elapsed_time_chunk=6.149376
