[results]
loss=1.685868
err=0.4817399
elapsed_time_chunk=6.469621
