[results]
loss=1.687381
err=0.48238268
elapsed_time_chunk=11.435573
