[results]
loss=1.4776868
err=0.4358275
elapsed_time_chunk=6.745474
