[results]
loss=1.402614
err=0.41788867
elapsed_time_chunk=6.570537
