[results]
loss=1.4995482
err=0.43858096
elapsed_time_chunk=8.351104
