[results]
loss=1.4770887
err=0.4354391
elapsed_time_chunk=13.818247
