[results]
loss=1.5890931
err=0.4620517
elapsed_time_chunk=7.948983
