[results]
loss=1.4344472
err=0.42686814
elapsed_time_chunk=6.531505
