[results]
loss=2.0784388
err=0.56264484
elapsed_time_chunk=6.400030
