[results]
loss=1.7681643
err=0.50065744
elapsed_time_chunk=11.766489
