[results]
loss=1.6334374
err=0.47150296
elapsed_time_chunk=9.964554
