[results]
loss=1.40447
err=0.41782323
elapsed_time_chunk=7.905142
