[results]
loss=1.92032
err=0.53026956
elapsed_time_chunk=6.388651
