[results]
loss=1.438664
err=0.42658475
elapsed_time_chunk=8.771490
