[results]
loss=1.5768703
err=0.456985
elapsed_time_chunk=7.512272
