[results]
loss=1.6201369
err=0.46934855
elapsed_time_chunk=7.945466
