[results]
loss=1.439171
err=0.42651382
elapsed_time_chunk=8.126383
