[results]
loss=1.590766
err=0.4615809
elapsed_time_chunk=7.871488
