[results]
loss=1.66465
err=0.47591808
elapsed_time_chunk=6.079626
