[results]
loss=1.6608019
err=0.4750952
elapsed_time_chunk=7.555372
