[results]
loss=1.5837454
err=0.459678
elapsed_time_chunk=6.483684
