[results]
loss=1.6853019
err=0.4805157
elapsed_time_chunk=14.128495
