[results]
loss=2.4966521
err=0.63723993
elapsed_time_chunk=7.169254
