[results]
loss=1.7354908
err=0.49379018
elapsed_time_chunk=12.254288
