[results]
loss=2.9191437
err=0.7016074
elapsed_time_chunk=6.221044
