[results]
loss=1.5478827
err=0.453301
elapsed_time_chunk=7.681283
