[results]
loss=1.9121181
err=0.52979845
elapsed_time_chunk=10.030656
