[results]
loss=1.421649
err=0.42078444
elapsed_time_chunk=7.970368
