[results]
loss=1.4305602
err=0.42405152
elapsed_time_chunk=10.448389
