[results]
loss=1.555913
err=0.45402905
elapsed_time_chunk=9.963039
