[results]
loss=1.4476441
err=0.4273084
elapsed_time_chunk=6.142649
