[results]
loss=1.3659741
err=0.4069261
elapsed_time_chunk=5.879699
