[results]
loss=1.656143
err=0.47570089
elapsed_time_chunk=6.292105
