[results]
loss=5.3682065
err=0.8789679
elapsed_time_chunk=6.169823
