[results]
loss=1.0965049
err=0.34081697
elapsed_time_chunk=6.143674
