[results]
loss=1.3926119
err=0.41476068
elapsed_time_chunk=6.049843
