[results]
loss=1.293983
err=0.3925443
elapsed_time_chunk=6.510647
