[results]
loss=1.7729092
err=0.49969852
elapsed_time_chunk=6.505332
