[results]
loss=1.2322626
err=0.37589335
elapsed_time_chunk=6.166157
