[results]
loss=1.7085623
err=0.4850142
elapsed_time_chunk=5.884348
