[results]
loss=1.6191028
err=0.46694744
elapsed_time_chunk=5.982908
