[results]
loss=1.4236054
err=0.42181334
elapsed_time_chunk=5.789809
