[results]
loss=1.3090363
err=0.39645195
elapsed_time_chunk=5.994860
