[results]
loss=1.1697955
err=0.3591726
elapsed_time_chunk=5.619215
