[results]
loss=1.1559983
err=0.35570982
elapsed_time_chunk=6.129171
