[results]
loss=1.8612841
err=0.51885384
elapsed_time_chunk=6.371709
