[results]
loss=1.7763553
err=0.50222015
elapsed_time_chunk=6.436780
