[results]
loss=1.3185302
err=0.39734915
elapsed_time_chunk=6.123654
