[results]
loss=1.4945544
err=0.4403709
elapsed_time_chunk=6.376760
