[results]
loss=1.3496778
err=0.40655118
elapsed_time_chunk=6.118894
