[results]
loss=1.3706522
err=0.41014957
elapsed_time_chunk=6.042695
