[results]
loss=1.3824581
err=0.41490322
elapsed_time_chunk=6.160263
