[results]
loss=1.184111
err=0.36349288
elapsed_time_chunk=6.416221
