[results]
loss=1.6095388
err=0.46475074
elapsed_time_chunk=6.800037
