[results]
loss=1.194222
err=0.3668973
elapsed_time_chunk=6.492213
