[results]
loss=1.3079126
err=0.396124
elapsed_time_chunk=6.139735
