[results]
loss=1.4899874
err=0.43850893
elapsed_time_chunk=6.291756
