[results]
loss=1.345088
err=0.40554017
elapsed_time_chunk=6.302406
