[results]
loss=1.559716
err=0.4527705
elapsed_time_chunk=6.163089
