[results]
loss=1.2857138
err=0.3887249
elapsed_time_chunk=5.999926
