[results]
loss=1.5454816
err=0.45081502
elapsed_time_chunk=6.039851
