[results]
loss=1.1056865
err=0.34448147
elapsed_time_chunk=6.244256
