[results]
loss=1.3340083
err=0.40133494
elapsed_time_chunk=6.205077
