[results]
loss=1.4766475
err=0.43641677
elapsed_time_chunk=6.379285
