[results]
loss=2.3001955
err=0.60160196
elapsed_time_chunk=6.386773
