[results]
loss=1.5812598
err=0.45950568
elapsed_time_chunk=6.123561
