[results]
loss=1.5185635
err=0.44466746
elapsed_time_chunk=6.000190
