[results]
loss=1.1148678
err=0.34530264
elapsed_time_chunk=6.101410
