[results]
loss=1.1691397
err=0.35807657
elapsed_time_chunk=7.028617
