[results]
loss=1.2338206
err=0.37646624
elapsed_time_chunk=6.106193
