[results]
loss=1.4159907
err=0.42140812
elapsed_time_chunk=6.043331
