[results]
loss=1.102056
err=0.3420711
elapsed_time_chunk=6.652520
