[results]
loss=3.7951407
err=0.78413504
elapsed_time_chunk=6.107512
