[results]
loss=1.5244913
err=0.44582134
elapsed_time_chunk=6.114548
