[results]
loss=1.1169591
err=0.3467877
elapsed_time_chunk=6.077067
