[results]
loss=1.5085516
err=0.4434298
elapsed_time_chunk=6.581652
