[results]
loss=1.2543757
err=0.38206264
elapsed_time_chunk=5.927647
