[results]
loss=1.1290641
err=0.3492495
elapsed_time_chunk=5.765472
