[results]
loss=1.2052959
err=0.3690239
elapsed_time_chunk=6.229800
