[results]
loss=2.0347972
err=0.5541562
elapsed_time_chunk=6.290172
