[results]
loss=1.717704
err=0.48760024
elapsed_time_chunk=6.430896
