[results]
loss=1.5597796
err=0.45455977
elapsed_time_chunk=5.678715
