[results]
loss=1.4348835
err=0.4266159
elapsed_time_chunk=6.391689
