[results]
loss=1.876859
err=0.52251583
elapsed_time_chunk=6.329862
