[results]
loss=1.1168442
err=0.34672007
elapsed_time_chunk=6.304655
