[results]
loss=1.444161
err=0.42717138
elapsed_time_chunk=6.171331
