[results]
loss=1.6364106
err=0.46970212
elapsed_time_chunk=6.023871
