[results]
loss=3.0225976
err=0.7069114
elapsed_time_chunk=6.121498
