[results]
loss=1.1925453
err=0.3650923
elapsed_time_chunk=6.331738
