[results]
loss=1.3380753
err=0.4039686
elapsed_time_chunk=6.131216
