[results]
loss=1.6306955
err=0.47117347
elapsed_time_chunk=6.715148
