[results]
loss=1.2131127
err=0.3716852
elapsed_time_chunk=6.154794
