[results]
loss=1.4316221
err=0.4242416
elapsed_time_chunk=6.217757
