[results]
loss=1.2137026
err=0.3712366
elapsed_time_chunk=6.116307
