[results]
loss=1.1179448
err=0.3452658
elapsed_time_chunk=5.729259
