[results]
loss=1.7733027
err=0.5
elapsed_time_chunk=5.583397
