[results]
loss=2.353237
err=0.6128137
elapsed_time_chunk=6.145390
