[results]
loss=1.1163553
err=0.34545338
elapsed_time_chunk=6.184231
