[results]
loss=2.0258873
err=0.5526994
elapsed_time_chunk=6.382575
