[results]
loss=1.392806
err=0.41416672
elapsed_time_chunk=5.994395
