[results]
loss=1.1104354
err=0.34437358
elapsed_time_chunk=7.281056
