[results]
loss=1.166182
err=0.35948145
elapsed_time_chunk=5.902556
