[results]
loss=1.1553061
err=0.35585102
elapsed_time_chunk=5.992597
