[results]
loss=2.0045264
err=0.54658264
elapsed_time_chunk=6.092282
