[results]
loss=1.7766161
err=0.5005561
elapsed_time_chunk=6.008246
