[results]
loss=1.8582957
err=0.5177629
elapsed_time_chunk=6.288094
