[results]
loss=1.1377062
err=0.35172406
elapsed_time_chunk=6.153792
