[results]
loss=1.5919083
err=0.45899004
elapsed_time_chunk=6.383638
