[results]
loss=1.5485799
err=0.45068774
elapsed_time_chunk=6.281623
