[results]
loss=2.0391536
err=0.55346197
elapsed_time_chunk=6.172445
