[results]
loss=1.11339
err=0.34441593
elapsed_time_chunk=5.673228
