[results]
loss=1.8973141
err=0.5255876
elapsed_time_chunk=6.581296
