[results]
loss=1.1251944
err=0.34657118
elapsed_time_chunk=6.190398
