[results]
loss=1.4375498
err=0.4254767
elapsed_time_chunk=6.030280
