[results]
loss=1.4545542
err=0.43025786
elapsed_time_chunk=6.900420
