[results]
loss=1.5071025
err=0.4427232
elapsed_time_chunk=6.155725
