[results]
loss=1.3044173
err=0.3940632
elapsed_time_chunk=6.186539
