[results]
loss=1.2114329
err=0.37100583
elapsed_time_chunk=5.540367
