[results]
loss=1.3763945
err=0.41085887
elapsed_time_chunk=5.683439
