[results]
loss=1.3558338
err=0.40820974
elapsed_time_chunk=6.276331
