[results]
loss=1.7705066
err=0.49969143
elapsed_time_chunk=6.191200
