[results]
loss=1.1195694
err=0.34725443
elapsed_time_chunk=6.319641
