[results]
loss=2.7242126
err=0.6708468
elapsed_time_chunk=6.082108
