[results]
loss=1.2406355
err=0.37801132
elapsed_time_chunk=6.200955
