[results]
loss=1.6433897
err=0.47296286
elapsed_time_chunk=5.712212
