[results]
loss=1.4941155
err=0.43823102
elapsed_time_chunk=5.664338
