[results]
loss=1.375084
err=0.41187087
elapsed_time_chunk=6.216003
