[results]
loss=1.2842029
err=0.38744536
elapsed_time_chunk=6.150513
