[results]
loss=1.3638878
err=0.40787196
elapsed_time_chunk=6.143990
