[results]
loss=1.3682859
err=0.40993583
elapsed_time_chunk=6.193354
