[results]
loss=1.1303803
err=0.35004452
elapsed_time_chunk=6.170721
