[results]
loss=1.412777
err=0.4204904
elapsed_time_chunk=6.105042
