[results]
loss=1.3295174
err=0.4010775
elapsed_time_chunk=6.115728
