[results]
loss=2.5312185
err=0.6408607
elapsed_time_chunk=5.828519
