[results]
loss=2.2233534
err=0.58842593
elapsed_time_chunk=6.002497
