[results]
loss=1.6941195
err=0.48440605
elapsed_time_chunk=6.541509
