[results]
loss=1.3400148
err=0.40517595
elapsed_time_chunk=5.654653
