[results]
loss=1.9639189
err=0.5372546
elapsed_time_chunk=6.153602
