[results]
loss=1.705378
err=0.48559275
elapsed_time_chunk=5.989103
