[results]
loss=1.5019008
err=0.44156912
elapsed_time_chunk=6.122165
