[results]
loss=2.1738846
err=0.5803328
elapsed_time_chunk=5.760144
