[results]
loss=1.8716569
err=0.5185937
elapsed_time_chunk=6.256093
