[results]
loss=2.2082021
err=0.585942
elapsed_time_chunk=6.624182
