[results]
loss=1.5005416
err=0.44097126
elapsed_time_chunk=6.244371
