[results]
loss=1.1468366
err=0.35507506
elapsed_time_chunk=6.438589
