[results]
loss=1.1499709
err=0.35658514
elapsed_time_chunk=6.323145
