[results]
loss=1.090205
err=0.338253
elapsed_time_chunk=5.995141
