[results]
loss=1.1254904
err=0.3482777
elapsed_time_chunk=6.088172
