[results]
loss=1.1285995
err=0.34860736
elapsed_time_chunk=6.341497
