[results]
loss=1.6547365
err=0.47485486
elapsed_time_chunk=6.426904
