[results]
loss=1.0030694
err=0.31378
elapsed_time_chunk=7.074447
