[results]
loss=0.9582271
err=0.30215114
elapsed_time_chunk=6.308703
