[results]
loss=0.94542366
err=0.2986875
elapsed_time_chunk=6.074208
