[results]
loss=1.434877
err=0.42431954
elapsed_time_chunk=6.111679
