[results]
loss=1.2422065
err=0.37804234
elapsed_time_chunk=8.855095
