[results]
loss=1.6317816
err=0.4700416
elapsed_time_chunk=6.016267
