[results]
loss=0.96348345
err=0.30300513
elapsed_time_chunk=6.246834
