[results]
loss=1.8453485
err=0.51550204
elapsed_time_chunk=6.209176
