[results]
loss=2.0143197
err=0.5506448
elapsed_time_chunk=6.122813
