[results]
loss=1.9809512
err=0.54495215
elapsed_time_chunk=6.181943
