[results]
loss=1.8968031
err=0.5249955
elapsed_time_chunk=6.570112
