[results]
loss=2.3338757
err=0.60987586
elapsed_time_chunk=6.395431
