[results]
loss=2.0957398
err=0.56717336
elapsed_time_chunk=8.293819
