[results]
loss=2.1980062
err=0.5855212
elapsed_time_chunk=6.219771
