[results]
loss=2.5533943
err=0.6479248
elapsed_time_chunk=6.039299
