[results]
loss=1.9565321
err=0.5372311
elapsed_time_chunk=5.953865
