[results]
loss=2.2142198
err=0.58932406
elapsed_time_chunk=6.476268
