[results]
loss=2.106882
err=0.5685997
elapsed_time_chunk=6.155535
