[results]
loss=1.9769006
err=0.54236716
elapsed_time_chunk=5.786266
