[results]
loss=5.630752
err=0.89673513
elapsed_time_chunk=6.248432
