[results]
loss=2.2297652
err=0.5913428
elapsed_time_chunk=6.163297
