[results]
loss=1.9653934
err=0.54185236
elapsed_time_chunk=6.057489
