[results]
loss=2.2723858
err=0.5974436
elapsed_time_chunk=6.327627
