[results]
loss=1.9840484
err=0.54474396
elapsed_time_chunk=6.254497
