[results]
loss=2.6271486
err=0.6629818
elapsed_time_chunk=6.069251
