[results]
loss=1.8573
err=0.5185324
elapsed_time_chunk=6.437326
