[results]
loss=2.006959
err=0.54767925
elapsed_time_chunk=5.744539
