[results]
loss=2.207488
err=0.5860821
elapsed_time_chunk=6.167884
