[results]
loss=1.9271572
err=0.53143483
elapsed_time_chunk=5.722927
