[results]
loss=2.0591729
err=0.5592795
elapsed_time_chunk=6.290333
