[results]
loss=2.0051687
err=0.5472197
elapsed_time_chunk=5.747259
