[results]
loss=2.2861025
err=0.6032093
elapsed_time_chunk=6.265525
