[results]
loss=2.0176468
err=0.5509352
elapsed_time_chunk=7.196513
