[results]
loss=1.9751036
err=0.5439218
elapsed_time_chunk=6.349858
