[results]
loss=2.3532505
err=0.6141872
elapsed_time_chunk=6.542242
