[results]
loss=3.6370819
err=0.7884699
elapsed_time_chunk=5.932623
