[results]
loss=2.3625553
err=0.61604804
elapsed_time_chunk=6.722472
