[results]
loss=1.9435142
err=0.5353372
elapsed_time_chunk=6.306650
