[results]
loss=2.212033
err=0.5881284
elapsed_time_chunk=5.631253
