[results]
loss=2.1134002
err=0.56886494
elapsed_time_chunk=6.250381
