[results]
loss=1.9268335
err=0.53494906
elapsed_time_chunk=6.266547
