[results]
loss=1.982718
err=0.546468
elapsed_time_chunk=6.214115
