[results]
loss=2.1378148
err=0.5759141
elapsed_time_chunk=6.111642
