[results]
loss=2.4319344
err=0.6263259
elapsed_time_chunk=6.144625
