[results]
loss=2.231592
err=0.5909694
elapsed_time_chunk=6.352604
