[results]
loss=2.136082
err=0.57456905
elapsed_time_chunk=6.387397
