[results]
loss=3.3332505
err=0.76002157
elapsed_time_chunk=6.290807
