[results]
loss=1.9553252
err=0.53813326
elapsed_time_chunk=6.256578
