[results]
loss=2.0106006
err=0.55168027
elapsed_time_chunk=6.104754
