[results]
loss=2.2696936
err=0.59931636
elapsed_time_chunk=5.750451
