[results]
loss=1.9399383
err=0.53630805
elapsed_time_chunk=6.133775
