[results]
loss=1.8122432
err=0.50683427
elapsed_time_chunk=6.058601
