[results]
loss=2.5075147
err=0.6387731
elapsed_time_chunk=5.712879
