[results]
loss=1.9925864
err=0.5469632
elapsed_time_chunk=6.182744
