[results]
loss=1.86785
err=0.518654
elapsed_time_chunk=6.636420
