[results]
loss=2.963037
err=0.71289617
elapsed_time_chunk=6.158042
