[results]
loss=1.8657897
err=0.520638
elapsed_time_chunk=6.302840
