[results]
loss=2.0941882
err=0.5644421
elapsed_time_chunk=5.759919
