[results]
loss=2.8026686
err=0.68970793
elapsed_time_chunk=6.203546
