[results]
loss=2.0753663
err=0.56130016
elapsed_time_chunk=6.636035
