[results]
loss=2.160945
err=0.57766855
elapsed_time_chunk=6.053924
