[results]
loss=1.8477864
err=0.51504517
elapsed_time_chunk=6.171586
