[results]
loss=2.0635638
err=0.55981183
elapsed_time_chunk=6.647906
