[results]
loss=2.1157691
err=0.5704343
elapsed_time_chunk=5.662292
