[results]
loss=1.9929416
err=0.54667234
elapsed_time_chunk=6.177614
