[results]
loss=1.9046665
err=0.5270656
elapsed_time_chunk=6.095224
