[results]
loss=1.9671401
err=0.5421368
elapsed_time_chunk=6.564583
