[results]
loss=2.1460927
err=0.57522064
elapsed_time_chunk=6.388287
