[results]
loss=2.6142552
err=0.6591201
elapsed_time_chunk=6.639209
