[results]
loss=2.5923033
err=0.6555187
elapsed_time_chunk=6.259287
