[results]
loss=2.0203104
err=0.55147946
elapsed_time_chunk=6.451355
