[results]
loss=1.8618447
err=0.52073234
elapsed_time_chunk=6.918633
