[results]
loss=1.8522881
err=0.5155457
elapsed_time_chunk=5.723413
