[results]
loss=1.9971372
err=0.54732144
elapsed_time_chunk=6.616708
