[results]
loss=2.7790308
err=0.6851127
elapsed_time_chunk=6.038196
