[results]
loss=1.8338077
err=0.51221347
elapsed_time_chunk=5.933651
