[results]
loss=2.1403427
err=0.57467806
elapsed_time_chunk=7.945971
