[results]
loss=1.8665323
err=0.5212624
elapsed_time_chunk=5.987055
