[results]
loss=1.8586345
err=0.5185673
elapsed_time_chunk=6.464783
