[results]
loss=1.9653963
err=0.5414094
elapsed_time_chunk=6.017015
