[results]
loss=1.8213311
err=0.5104509
elapsed_time_chunk=5.915685
