[results]
loss=2.1117122
err=0.5709189
elapsed_time_chunk=6.232323
