[results]
loss=1.8629864
err=0.5192835
elapsed_time_chunk=6.234395
