[results]
loss=2.4547987
err=0.63250726
elapsed_time_chunk=6.100654
