[results]
loss=2.1970046
err=0.5838008
elapsed_time_chunk=5.623235
