[results]
loss=4.322745
err=0.83976793
elapsed_time_chunk=6.597795
