[results]
loss=2.2886689
err=0.60045785
elapsed_time_chunk=6.133778
