[results]
loss=2.0227268
err=0.55122274
elapsed_time_chunk=6.420853
