[results]
loss=2.0577507
err=0.55953723
elapsed_time_chunk=6.563640
