[results]
loss=2.4486728
err=0.6315353
elapsed_time_chunk=6.062859
