[results]
loss=2.044076
err=0.55415434
elapsed_time_chunk=5.838286
