[results]
loss=1.8406157
err=0.5141128
elapsed_time_chunk=6.023666
