[results]
loss=2.4048917
err=0.62329143
elapsed_time_chunk=5.595123
