[results]
loss=2.8836741
err=0.6989385
elapsed_time_chunk=6.074804
