[results]
loss=1.8895757
err=0.52319014
elapsed_time_chunk=5.474971
