[results]
loss=1.9324024
err=0.5343217
elapsed_time_chunk=6.608821
