[results]
loss=1.9038553
err=0.5295842
elapsed_time_chunk=6.147477
