[results]
loss=2.0807457
err=0.56157875
elapsed_time_chunk=6.295520
