[results]
loss=1.8554542
err=0.5169452
elapsed_time_chunk=6.265322
