[results]
loss=3.133392
err=0.7357411
elapsed_time_chunk=5.759192
