[results]
loss=2.1249309
err=0.5721518
elapsed_time_chunk=6.262884
