[results]
loss=1.856949
err=0.51787066
elapsed_time_chunk=6.443490
