[results]
loss=1.946757
err=0.53715175
elapsed_time_chunk=6.181849
