[results]
loss=1.901374
err=0.5245965
elapsed_time_chunk=6.584801
