[results]
loss=1.8381003
err=0.51238465
elapsed_time_chunk=5.665081
