[results]
loss=1.8356795
err=0.5135085
elapsed_time_chunk=6.449645
