[results]
loss=1.8641008
err=0.51989406
elapsed_time_chunk=5.986942
