[results]
loss=1.9730375
err=0.54324377
elapsed_time_chunk=6.122662
