[results]
loss=2.251452
err=0.59675246
elapsed_time_chunk=6.438302
