[results]
loss=2.0569947
err=0.5595664
elapsed_time_chunk=6.314680
