[results]
loss=1.8702233
err=0.520768
elapsed_time_chunk=5.672844
