[results]
loss=1.9533483
err=0.53834105
elapsed_time_chunk=6.082437
