[results]
loss=2.0250742
err=0.55399674
elapsed_time_chunk=6.287785
