[results]
loss=2.4499853
err=0.630701
elapsed_time_chunk=6.526366
