[results]
loss=2.0356715
err=0.5552947
elapsed_time_chunk=6.276610
