[results]
loss=2.175945
err=0.5821431
elapsed_time_chunk=6.121028
