[results]
loss=2.0416446
err=0.5555501
elapsed_time_chunk=5.720996
