[results]
loss=2.3346596
err=0.6123279
elapsed_time_chunk=6.334459
