[results]
loss=2.0168424
err=0.5516228
elapsed_time_chunk=6.618248
