[results]
loss=2.729659
err=0.6773092
elapsed_time_chunk=5.691115
