[results]
loss=2.327714
err=0.6084892
elapsed_time_chunk=5.972379
