[results]
loss=2.1099048
err=0.5690903
elapsed_time_chunk=6.389736
