[results]
loss=1.928771
err=0.53219163
elapsed_time_chunk=6.159527
