[results]
loss=2.1394536
err=0.57190335
elapsed_time_chunk=6.243666
