[results]
loss=1.9806544
err=0.5446645
elapsed_time_chunk=5.589393
