[results]
loss=2.04746
err=0.55651486
elapsed_time_chunk=6.312516
