[results]
loss=1.8954177
err=0.52548265
elapsed_time_chunk=5.598700
