[results]
loss=1.1531844
err=0.35541508
elapsed_time_chunk=6.273293
