[results]
loss=0.7306369
err=0.23499982
elapsed_time_chunk=5.982655
