[results]
loss=0.5997071
err=0.19237159
elapsed_time_chunk=6.619398
