[results]
loss=0.83709913
err=0.26763332
elapsed_time_chunk=5.862837
