[results]
loss=1.1604537
err=0.35530835
elapsed_time_chunk=6.057184
