[results]
loss=0.6374583
err=0.20473461
elapsed_time_chunk=6.684384
