[results]
loss=1.098202
err=0.3401477
elapsed_time_chunk=5.951027
