[results]
loss=1.681296
err=0.47849652
elapsed_time_chunk=6.016379
