[results]
loss=1.0722258
err=0.33259636
elapsed_time_chunk=6.215544
