[results]
loss=0.6521239
err=0.20958899
elapsed_time_chunk=6.084960
