[results]
loss=1.3992202
err=0.4156546
elapsed_time_chunk=6.098488
