[results]
loss=0.63281304
err=0.20447983
elapsed_time_chunk=5.757746
