[results]
loss=0.6085604
err=0.1954946
elapsed_time_chunk=6.042375
