[results]
loss=2.2188501
err=0.58578473
elapsed_time_chunk=6.246382
