[results]
loss=1.3838098
err=0.4099523
elapsed_time_chunk=6.193897
