[results]
loss=0.6677884
err=0.21319474
elapsed_time_chunk=6.153670
