[results]
loss=1.6971402
err=0.48304376
elapsed_time_chunk=6.080507
