[results]
loss=1.2500966
err=0.37810633
elapsed_time_chunk=5.868010
