[results]
loss=0.5785578
err=0.18547717
elapsed_time_chunk=6.129484
