[results]
loss=0.63932514
err=0.20533861
elapsed_time_chunk=6.020114
