[results]
loss=2.7102141
err=0.6586612
elapsed_time_chunk=5.945696
