[results]
loss=0.8732299
err=0.2787829
elapsed_time_chunk=5.973405
