[results]
loss=1.1078284
err=0.34228766
elapsed_time_chunk=6.488897
