[results]
loss=0.6007302
err=0.19361238
elapsed_time_chunk=6.251855
