[results]
loss=0.6287559
err=0.2028964
elapsed_time_chunk=6.091828
