[results]
loss=0.65213585
err=0.20878917
elapsed_time_chunk=6.020495
