[results]
loss=1.8906394
err=0.5209201
elapsed_time_chunk=5.992753
