[results]
loss=0.5831283
err=0.18704858
elapsed_time_chunk=5.580206
