[results]
loss=0.71465176
err=0.23002826
elapsed_time_chunk=6.113706
