[results]
loss=0.8018045
err=0.25651553
elapsed_time_chunk=6.261372
