[results]
loss=0.83281934
err=0.2658623
elapsed_time_chunk=5.933596
