[results]
loss=5.179988
err=0.8680849
elapsed_time_chunk=6.046037
