[results]
loss=1.0209434
err=0.31858137
elapsed_time_chunk=6.048812
