[results]
loss=0.89109397
err=0.2828354
elapsed_time_chunk=5.715828
