[results]
loss=1.6511046
err=0.46985853
elapsed_time_chunk=6.123643
