[results]
loss=1.0248946
err=0.32135388
elapsed_time_chunk=6.476176
