[results]
loss=1.1779785
err=0.35962746
elapsed_time_chunk=6.291354
