[results]
loss=1.8657129
err=0.5182591
elapsed_time_chunk=5.576864
