[results]
loss=0.7098077
err=0.22921316
elapsed_time_chunk=6.262800
