[results]
loss=0.59479636
err=0.19239786
elapsed_time_chunk=6.095054
