[results]
loss=0.76738524
err=0.24495529
elapsed_time_chunk=6.347768
