[results]
loss=0.66196305
err=0.21251062
elapsed_time_chunk=5.552383
