[results]
loss=0.65700245
err=0.21083684
elapsed_time_chunk=6.201267
