[results]
loss=0.6227135
err=0.19985943
elapsed_time_chunk=6.014753
