[results]
loss=0.6906218
err=0.221629
elapsed_time_chunk=6.205402
