[results]
loss=1.2954664
err=0.38982597
elapsed_time_chunk=6.134037
