[results]
loss=0.57082456
err=0.18429154
elapsed_time_chunk=6.131287
