[results]
loss=1.1220269
err=0.34735882
elapsed_time_chunk=5.832181
