[results]
loss=0.57669246
err=0.18500893
elapsed_time_chunk=6.640440
