[results]
loss=0.5815028
err=0.18640304
elapsed_time_chunk=5.966275
