[results]
loss=1.2259282
err=0.37411302
elapsed_time_chunk=6.049998
