[results]
loss=0.5828216
err=0.18684562
elapsed_time_chunk=6.376928
