[results]
loss=1.42136
err=0.42005032
elapsed_time_chunk=5.856643
