[results]
loss=0.99659795
err=0.31239912
elapsed_time_chunk=6.277178
