[results]
loss=1.5608609
err=0.4523278
elapsed_time_chunk=6.015294
