[results]
loss=1.9043052
err=0.5249911
elapsed_time_chunk=5.953425
