[results]
loss=0.58213687
err=0.18651727
elapsed_time_chunk=6.087124
