[results]
loss=0.6261441
err=0.20101057
elapsed_time_chunk=5.855031
