[results]
loss=0.5860905
err=0.18862422
elapsed_time_chunk=6.711325
