[results]
loss=1.0476353
err=0.32741395
elapsed_time_chunk=6.104876
