[results]
loss=0.58258444
err=0.18694597
elapsed_time_chunk=6.251194
