[results]
loss=0.6641963
err=0.21463582
elapsed_time_chunk=6.128843
