[results]
loss=1.4170157
err=0.4196372
elapsed_time_chunk=6.765756
