[results]
loss=0.60233545
err=0.19360186
elapsed_time_chunk=6.164352
