[results]
loss=1.9814602
err=0.53816915
elapsed_time_chunk=6.194259
