[results]
loss=0.63210654
err=0.2042939
elapsed_time_chunk=6.016734
