[results]
loss=0.6160191
err=0.19878323
elapsed_time_chunk=6.035588
