[results]
loss=0.84332716
err=0.27055478
elapsed_time_chunk=6.290316
