[results]
loss=0.6071417
err=0.19611607
elapsed_time_chunk=6.096478
