[results]
loss=0.85808235
err=0.272078
elapsed_time_chunk=5.891245
