[results]
loss=1.2560337
err=0.38070944
elapsed_time_chunk=6.480924
