[results]
loss=1.3212359
err=0.3963467
elapsed_time_chunk=6.335000
