[results]
loss=0.5846318
err=0.18817954
elapsed_time_chunk=6.351571
