[results]
loss=0.5888523
err=0.18915585
elapsed_time_chunk=6.640477
