[results]
loss=1.3393834
err=0.4000133
elapsed_time_chunk=5.781703
