[results]
loss=0.89123213
err=0.28343064
elapsed_time_chunk=6.165820
