[results]
loss=0.73552805
err=0.237532
elapsed_time_chunk=5.612201
