[results]
loss=1.1202104
err=0.34546494
elapsed_time_chunk=5.979216
