[results]
loss=0.62170714
err=0.19994098
elapsed_time_chunk=6.135763
