[results]
loss=0.7342487
err=0.23578903
elapsed_time_chunk=6.825696
