[results]
loss=0.6174009
err=0.19760323
elapsed_time_chunk=6.354706
