[results]
loss=0.58798957
err=0.189504
elapsed_time_chunk=6.190662
