[results]
loss=2.0173497
err=0.5485412
elapsed_time_chunk=6.216761
