[results]
loss=0.7229159
err=0.23107332
elapsed_time_chunk=6.103771
