[results]
loss=1.6881338
err=0.4807952
elapsed_time_chunk=6.145658
