[results]
loss=1.528154
err=0.44521514
elapsed_time_chunk=5.604371
