[results]
loss=0.5882269
err=0.18832003
elapsed_time_chunk=5.924511
