[results]
loss=0.5870591
err=0.1878436
elapsed_time_chunk=6.085755
