[results]
loss=0.58025455
err=0.18531004
elapsed_time_chunk=5.663066
