[results]
loss=1.0669044
err=0.33304164
elapsed_time_chunk=5.688174
