[results]
loss=1.2504039
err=0.37806904
elapsed_time_chunk=6.274321
