[results]
loss=1.4186975
err=0.41969267
elapsed_time_chunk=6.290060
