[results]
loss=0.6004049
err=0.19285068
elapsed_time_chunk=6.248921
