[results]
loss=2.4067779
err=0.61475843
elapsed_time_chunk=6.235897
