[results]
loss=0.592484
err=0.19200553
elapsed_time_chunk=6.223500
