[results]
loss=1.5302931
err=0.44505358
elapsed_time_chunk=6.347011
