[results]
loss=1.3390378
err=0.4012812
elapsed_time_chunk=6.202238
