[results]
loss=0.9554233
err=0.2996163
elapsed_time_chunk=6.170229
