[results]
loss=0.75248325
err=0.24115473
elapsed_time_chunk=6.610920
