[results]
loss=0.5803021
err=0.18590587
elapsed_time_chunk=6.115339
