[results]
loss=0.67329425
err=0.21484156
elapsed_time_chunk=6.736791
