[results]
loss=0.6028114
err=0.19358036
elapsed_time_chunk=6.048131
