[results]
loss=0.59568197
err=0.19180773
elapsed_time_chunk=5.658744
