[results]
loss=0.61463416
err=0.1984411
elapsed_time_chunk=5.462539
