[results]
loss=3.4897997
err=0.7492018
elapsed_time_chunk=5.971385
