[results]
loss=0.7526881
err=0.24098898
elapsed_time_chunk=5.646628
