[results]
loss=1.2038672
err=0.36839652
elapsed_time_chunk=5.800627
