[results]
loss=1.523738
err=0.4448824
elapsed_time_chunk=6.092642
