[results]
loss=1.7008594
err=0.4817144
elapsed_time_chunk=6.017293
