[results]
loss=0.5925578
err=0.190929
elapsed_time_chunk=6.465515
