[results]
loss=0.67675585
err=0.21817999
elapsed_time_chunk=5.776661
