[results]
loss=0.6018879
err=0.19349094
elapsed_time_chunk=5.603614
