[results]
loss=0.8601482
err=0.27345094
elapsed_time_chunk=6.109591
