[results]
loss=0.61023957
err=0.19708246
elapsed_time_chunk=6.063276
