[results]
loss=0.57766855
err=0.18497045
elapsed_time_chunk=6.226564
