[results]
loss=1.0420582
err=0.325375
elapsed_time_chunk=6.034583
