[results]
loss=0.5920632
err=0.18930803
elapsed_time_chunk=6.288412
