[results]
loss=1.4993848
err=0.43689737
elapsed_time_chunk=6.138369
