[results]
loss=0.5855269
err=0.18825905
elapsed_time_chunk=6.305115
