[results]
loss=1.2160724
err=0.3691451
elapsed_time_chunk=6.660091
