[results]
loss=3.7231507
err=0.77637607
elapsed_time_chunk=6.083270
