[results]
loss=1.6434244
err=0.47099608
elapsed_time_chunk=5.687502
