[results]
loss=1.296995
err=0.39281875
elapsed_time_chunk=6.223162
