[results]
loss=1.4704593
err=0.43356493
elapsed_time_chunk=6.147555
