[results]
loss=2.237072
err=0.5894321
elapsed_time_chunk=6.759961
