[results]
loss=1.0685614
err=0.33114254
elapsed_time_chunk=6.080808
