[results]
loss=2.9586406
err=0.69807655
elapsed_time_chunk=6.521024
