[results]
loss=1.1742111
err=0.35810682
elapsed_time_chunk=5.772354
