[results]
loss=1.5451065
err=0.44998592
elapsed_time_chunk=5.706710
