[results]
loss=1.7047344
err=0.48548222
elapsed_time_chunk=7.714746
