[results]
loss=1.0831822
err=0.33487052
elapsed_time_chunk=6.112538
