[results]
loss=1.0958512
err=0.33843824
elapsed_time_chunk=6.111348
