[results]
loss=1.0726147
err=0.3330039
elapsed_time_chunk=6.368483
