[results]
loss=1.8344303
err=0.5138347
elapsed_time_chunk=11.316490
