[results]
loss=5.300182
err=0.8753343
elapsed_time_chunk=6.238127
