[results]
loss=1.2633095
err=0.38250408
elapsed_time_chunk=5.876176
