[results]
loss=1.5073591
err=0.44286495
elapsed_time_chunk=6.163260
