[results]
loss=1.4853257
err=0.43711945
elapsed_time_chunk=8.530800
