[results]
loss=1.4117578
err=0.42027196
elapsed_time_chunk=5.719780
