[results]
loss=1.0907416
err=0.3388389
elapsed_time_chunk=5.691973
