[results]
loss=1.9722642
err=0.5392586
elapsed_time_chunk=6.152410
