[results]
loss=1.2379555
err=0.37697965
elapsed_time_chunk=6.049465
