[results]
loss=1.0826014
err=0.3359508
elapsed_time_chunk=6.655905
