[results]
loss=1.0608236
err=0.32913864
elapsed_time_chunk=6.372248
