[results]
loss=1.1300883
err=0.34827968
elapsed_time_chunk=5.702265
