[results]
loss=1.4828355
err=0.43555906
elapsed_time_chunk=6.183469
