[results]
loss=1.2282286
err=0.37567526
elapsed_time_chunk=6.161670
