[results]
loss=1.5148442
err=0.44400665
elapsed_time_chunk=6.183753
