[results]
loss=1.5340732
err=0.44913018
elapsed_time_chunk=6.156410
