[results]
loss=1.3912026
err=0.41568956
elapsed_time_chunk=6.207945
