[results]
loss=1.9026834
err=0.5246912
elapsed_time_chunk=5.799979
