[results]
loss=1.5835509
err=0.45961657
elapsed_time_chunk=6.271844
