[results]
loss=1.4432479
err=0.42755765
elapsed_time_chunk=6.049133
