[results]
loss=1.223639
err=0.37454998
elapsed_time_chunk=5.956689
