[results]
loss=1.0697335
err=0.3332982
elapsed_time_chunk=6.319188
