[results]
loss=1.0684922
err=0.33082172
elapsed_time_chunk=5.654938
