[results]
loss=1.4189633
err=0.42076406
elapsed_time_chunk=6.250886
