[results]
loss=1.1525522
err=0.3539191
elapsed_time_chunk=6.167903
