[results]
loss=1.1115237
err=0.34346858
elapsed_time_chunk=6.128603
