[results]
loss=1.0652667
err=0.33122322
elapsed_time_chunk=6.131239
