[results]
loss=1.9407482
err=0.53415555
elapsed_time_chunk=6.364265
