[results]
loss=1.958599
err=0.5401179
elapsed_time_chunk=6.605786
