[results]
loss=1.1807317
err=0.36117718
elapsed_time_chunk=6.906336
