[results]
loss=1.1800708
err=0.36230913
elapsed_time_chunk=5.585652
