[results]
loss=1.0764965
err=0.33404234
elapsed_time_chunk=6.695068
