[results]
loss=1.0726712
err=0.33452025
elapsed_time_chunk=6.843025
