[results]
loss=1.5617523
err=0.45277354
elapsed_time_chunk=6.712960
