[results]
loss=1.165539
err=0.3590963
elapsed_time_chunk=6.283665
