[results]
loss=1.0962168
err=0.33964986
elapsed_time_chunk=6.244840
