[results]
loss=1.4696772
err=0.43381214
elapsed_time_chunk=6.324973
