[results]
loss=1.557771
err=0.45428073
elapsed_time_chunk=6.405102
