[results]
loss=1.1143056
err=0.34336245
elapsed_time_chunk=6.636148
