[results]
loss=1.2721915
err=0.3851611
elapsed_time_chunk=6.629530
