[results]
loss=1.6480348
err=0.47264513
elapsed_time_chunk=7.236418
