[results]
loss=2.4716027
err=0.6303378
elapsed_time_chunk=5.761524
