[results]
loss=1.4316801
err=0.42543912
elapsed_time_chunk=6.411707
