[results]
loss=1.6213748
err=0.46851027
elapsed_time_chunk=6.973706
