[results]
loss=1.6985675
err=0.483874
elapsed_time_chunk=6.194995
