[results]
loss=1.7063304
err=0.48567185
elapsed_time_chunk=6.674920
