[results]
loss=1.417157
err=0.42164212
elapsed_time_chunk=7.514548
