[results]
loss=2.1614296
err=0.5755208
elapsed_time_chunk=6.338016
