[results]
loss=1.1234058
err=0.34720647
elapsed_time_chunk=6.137697
