[results]
loss=2.1143343
err=0.56940156
elapsed_time_chunk=7.235625
