[results]
loss=1.3039763
err=0.39254186
elapsed_time_chunk=6.401471
