[results]
loss=1.0961704
err=0.34043303
elapsed_time_chunk=6.068494
