[results]
loss=1.409844
err=0.4191027
elapsed_time_chunk=7.538608
