[results]
loss=1.0785762
err=0.33498618
elapsed_time_chunk=6.068113
