[results]
loss=1.0733439
err=0.33319667
elapsed_time_chunk=5.657782
