[results]
loss=1.4155428
err=0.42152768
elapsed_time_chunk=6.321006
