[results]
loss=1.0833061
err=0.33556205
elapsed_time_chunk=6.220737
