[results]
loss=1.7951006
err=0.50282854
elapsed_time_chunk=6.206612
