[results]
loss=1.2726454
err=0.38468838
elapsed_time_chunk=5.780489
