[results]
loss=1.0761149
err=0.33504173
elapsed_time_chunk=6.303538
