[results]
loss=1.2719152
err=0.385893
elapsed_time_chunk=6.095683
