[results]
loss=1.2206657
err=0.37144402
elapsed_time_chunk=6.672178
