[results]
loss=1.1271746
err=0.34691444
elapsed_time_chunk=5.992241
