[results]
loss=1.0983456
err=0.34051025
elapsed_time_chunk=6.303747
