[results]
loss=1.0940394
err=0.33819643
elapsed_time_chunk=6.664034
