[results]
loss=1.9672687
err=0.540535
elapsed_time_chunk=6.392941
