[results]
loss=2.145012
err=0.5721837
elapsed_time_chunk=6.060609
