[results]
loss=1.2542418
err=0.38183427
elapsed_time_chunk=5.589611
