[results]
loss=1.195595
err=0.36620873
elapsed_time_chunk=6.160291
