[results]
loss=1.5731741
err=0.45828
elapsed_time_chunk=7.998863
