[results]
loss=1.1764023
err=0.3588815
elapsed_time_chunk=6.478492
