[results]
loss=1.0782529
err=0.33514264
elapsed_time_chunk=6.089044
