[results]
loss=1.1484805
err=0.3528533
elapsed_time_chunk=6.193824
