[results]
loss=1.1150305
err=0.34371883
elapsed_time_chunk=6.099225
