[results]
loss=1.2941438
err=0.39080185
elapsed_time_chunk=6.364094
