[results]
loss=1.7087294
err=0.4868247
elapsed_time_chunk=6.167316
