[results]
loss=1.7043536
err=0.48603436
elapsed_time_chunk=7.153013
