[results]
loss=1.7925732
err=0.50454146
elapsed_time_chunk=6.486794
