[results]
loss=1.3598644
err=0.40715334
elapsed_time_chunk=6.223681
