[results]
loss=1.076234
err=0.33473143
elapsed_time_chunk=6.118497
