[results]
loss=1.165375
err=0.3586616
elapsed_time_chunk=6.727886
