[results]
loss=1.2076008
err=0.3705903
elapsed_time_chunk=6.185807
