[results]
loss=1.0695416
err=0.33148605
elapsed_time_chunk=6.472444
