[results]
loss=1.1393106
err=0.35168463
elapsed_time_chunk=6.514644
