[results]
loss=1.1186801
err=0.34504467
elapsed_time_chunk=6.640502
