[results]
loss=1.140171
err=0.35168323
elapsed_time_chunk=6.001442
