[results]
loss=1.348702
err=0.4038251
elapsed_time_chunk=6.680292
