[results]
loss=1.0972135
err=0.33872673
elapsed_time_chunk=6.243782
