[results]
loss=1.0863589
err=0.33744642
elapsed_time_chunk=6.236948
