[results]
loss=1.6337467
err=0.47035727
elapsed_time_chunk=6.095738
