[results]
loss=1.811023
err=0.50899756
elapsed_time_chunk=6.088027
