[results]
loss=1.8076203
err=0.50607586
elapsed_time_chunk=6.226847
