[results]
loss=1.0779504
err=0.33553496
elapsed_time_chunk=6.301293
