[results]
loss=1.1338915
err=0.35026562
elapsed_time_chunk=5.693440
