[results]
loss=1.5860789
err=0.45997816
elapsed_time_chunk=6.664726
