[results]
loss=2.6601844
err=0.6592628
elapsed_time_chunk=6.520650
