[results]
loss=1.2601577
err=0.38128093
elapsed_time_chunk=5.961885
