[results]
loss=1.083235
err=0.3354774
elapsed_time_chunk=6.034226
