[results]
loss=1.1011335
err=0.34072113
elapsed_time_chunk=6.062659
