[results]
loss=1.077719
err=0.33339888
elapsed_time_chunk=5.514773
