[results]
loss=1.4239926
err=0.42328572
elapsed_time_chunk=6.535949
