[results]
loss=2.2847788
err=0.5992405
elapsed_time_chunk=6.297049
