[results]
loss=1.0568808
err=0.32900903
elapsed_time_chunk=6.068446
