[results]
loss=1.0822977
err=0.33652118
elapsed_time_chunk=5.959247
