[results]
loss=1.0761633
err=0.3329945
elapsed_time_chunk=6.197109
