[results]
loss=1.4455291
err=0.4289793
elapsed_time_chunk=5.602726
