[results]
loss=1.2528999
err=0.38036582
elapsed_time_chunk=6.062423
