[results]
loss=2.0606704
err=0.55733216
elapsed_time_chunk=6.150780
