[results]
loss=1.3610096
err=0.40766925
elapsed_time_chunk=6.252755
