[results]
loss=1.2513087
err=0.37978354
elapsed_time_chunk=6.136765
