[results]
loss=1.2400322
err=0.37700692
elapsed_time_chunk=6.050893
