[results]
loss=1.2739772
err=0.38366216
elapsed_time_chunk=7.602038
