[results]
loss=2.1047192
err=0.5672508
elapsed_time_chunk=6.398090
