[results]
loss=1.2469175
err=0.37988675
elapsed_time_chunk=6.015977
