[results]
loss=3.859236
err=0.79293305
elapsed_time_chunk=6.010551
