[results]
loss=1.7852705
err=0.5023513
elapsed_time_chunk=6.270672
