[results]
loss=1.9173112
err=0.5291121
elapsed_time_chunk=5.641446
