[results]
loss=1.3877429
err=0.41295865
elapsed_time_chunk=8.109362
