[results]
loss=1.2745599
err=0.3851033
elapsed_time_chunk=6.120736
