[results]
loss=1.2427996
err=0.37764025
elapsed_time_chunk=6.195432
