[results]
loss=1.3408053
err=0.4036458
elapsed_time_chunk=6.468483
