[results]
loss=1.7205026
err=0.48918936
elapsed_time_chunk=6.121073
