[results]
loss=1.841995
err=0.514441
elapsed_time_chunk=6.268761
