[results]
loss=1.251914
err=0.38016245
elapsed_time_chunk=6.556358
