[results]
loss=1.6175433
err=0.46504095
elapsed_time_chunk=6.387465
