[results]
loss=1.5760666
err=0.45826158
elapsed_time_chunk=6.716232
