[results]
loss=1.6317258
err=0.46879432
elapsed_time_chunk=6.781031
