[results]
loss=2.7981658
err=0.68235904
elapsed_time_chunk=6.125477
