[results]
loss=2.4213762
err=0.6247075
elapsed_time_chunk=6.877602
