[results]
loss=1.8365641
err=0.51301336
elapsed_time_chunk=6.210150
