[results]
loss=1.5503682
err=0.4530631
elapsed_time_chunk=6.765347
