[results]
loss=2.2352645
err=0.59295124
elapsed_time_chunk=5.670983
