[results]
loss=1.5935876
err=0.46204713
elapsed_time_chunk=5.573606
