[results]
loss=1.5790954
err=0.45879588
elapsed_time_chunk=6.179891
