[results]
loss=1.5726663
err=0.45804462
elapsed_time_chunk=6.177519
