[results]
loss=1.631115
err=0.47032914
elapsed_time_chunk=6.208543
