[results]
loss=1.3931441
err=0.41481814
elapsed_time_chunk=6.163501
