[results]
loss=1.5967305
err=0.46308538
elapsed_time_chunk=6.173355
