[results]
loss=1.2686254
err=0.38430014
elapsed_time_chunk=5.955082
