[results]
loss=2.364886
err=0.61276454
elapsed_time_chunk=6.450699
