[results]
loss=1.2804081
err=0.3872366
elapsed_time_chunk=6.349197
