[results]
loss=1.3253946
err=0.39732143
elapsed_time_chunk=6.333870
