[results]
loss=1.5655301
err=0.45419973
elapsed_time_chunk=6.616284
