[results]
loss=1.3004549
err=0.3916211
elapsed_time_chunk=6.158846
