[results]
loss=1.7102194
err=0.48579872
elapsed_time_chunk=6.189122
