[results]
loss=1.680831
err=0.4812881
elapsed_time_chunk=6.572533
