[results]
loss=1.6873131
err=0.48171514
elapsed_time_chunk=6.105702
