[results]
loss=1.4521768
err=0.4290876
elapsed_time_chunk=8.986896
