[results]
loss=1.2321582
err=0.37437055
elapsed_time_chunk=6.013157
