[results]
loss=1.2578673
err=0.38006696
elapsed_time_chunk=6.233294
