[results]
loss=1.8350488
err=0.51326
elapsed_time_chunk=5.605842
