[results]
loss=1.3265489
err=0.39796686
elapsed_time_chunk=8.815207
