[results]
loss=1.9371812
err=0.5330357
elapsed_time_chunk=6.118783
