[results]
loss=1.4223113
err=0.42248416
elapsed_time_chunk=9.129789
