[results]
loss=1.759831
err=0.49956498
elapsed_time_chunk=6.499951
