[results]
loss=1.3288293
err=0.40067476
elapsed_time_chunk=6.695183
