[results]
loss=1.2533654
err=0.37918204
elapsed_time_chunk=6.741876
