[results]
loss=1.3458693
err=0.4053556
elapsed_time_chunk=6.489099
