[results]
loss=1.5127128
err=0.44341457
elapsed_time_chunk=5.616514
