[results]
loss=1.5255716
err=0.44495025
elapsed_time_chunk=6.198092
