[results]
loss=1.3759
err=0.41062075
elapsed_time_chunk=6.264456
