[results]
loss=1.252404
err=0.38004494
elapsed_time_chunk=6.084294
