[results]
loss=2.2888527
err=0.6007612
elapsed_time_chunk=6.220578
