[results]
loss=1.6993018
err=0.48611307
elapsed_time_chunk=6.185479
