[results]
loss=1.8395318
err=0.51442343
elapsed_time_chunk=6.138134
