[results]
loss=1.2925743
err=0.38881734
elapsed_time_chunk=6.069070
