[results]
loss=1.5318903
err=0.44828364
elapsed_time_chunk=6.788301
