[results]
loss=1.5658199
err=0.45612842
elapsed_time_chunk=5.598640
