[results]
loss=1.6663886
err=0.4766529
elapsed_time_chunk=6.283359
