[results]
loss=1.2230262
err=0.37128446
elapsed_time_chunk=6.090357
