[results]
loss=2.1008832
err=0.56770086
elapsed_time_chunk=6.043718
