[results]
loss=1.6515241
err=0.47479957
elapsed_time_chunk=6.211055
