[results]
loss=1.8403943
err=0.51657397
elapsed_time_chunk=6.240609
