[results]
loss=1.3862464
err=0.41225046
elapsed_time_chunk=9.272271
