[results]
loss=1.2368786
err=0.3762261
elapsed_time_chunk=6.233198
