[results]
loss=1.7711712
err=0.49941796
elapsed_time_chunk=6.339861
