[results]
loss=1.2398875
err=0.37657592
elapsed_time_chunk=6.087195
