[results]
loss=1.3064551
err=0.39267954
elapsed_time_chunk=6.346216
