[results]
loss=3.1033583
err=0.71915716
elapsed_time_chunk=6.001882
