[results]
loss=1.7719654
err=0.49998224
elapsed_time_chunk=5.557537
