[results]
loss=1.2468371
err=0.3780197
elapsed_time_chunk=6.182704
