[results]
loss=1.431792
err=0.4259161
elapsed_time_chunk=6.140149
