[results]
loss=1.5046113
err=0.43911275
elapsed_time_chunk=8.760487
