[results]
loss=1.9431665
err=0.5354723
elapsed_time_chunk=6.523895
