[results]
loss=1.2846246
err=0.38664454
elapsed_time_chunk=6.085881
