[results]
loss=1.2491533
err=0.37987018
elapsed_time_chunk=6.441073
