[results]
loss=1.4719415
err=0.43305448
elapsed_time_chunk=6.371539
