[results]
loss=1.400898
err=0.41826612
elapsed_time_chunk=10.515954
