[results]
loss=1.2436478
err=0.3766392
elapsed_time_chunk=6.132076
