[results]
loss=1.7243531
err=0.49091282
elapsed_time_chunk=6.597259
