[results]
loss=1.2605668
err=0.38221982
elapsed_time_chunk=6.458226
