[results]
loss=1.3287643
err=0.4003324
elapsed_time_chunk=6.097332
