[results]
loss=1.2855499
err=0.39016518
elapsed_time_chunk=6.212892
