[results]
loss=1.3896515
err=0.41291687
elapsed_time_chunk=10.916140
