[results]
loss=1.2469931
err=0.37922898
elapsed_time_chunk=6.216313
