[results]
loss=1.3126616
err=0.396124
elapsed_time_chunk=6.776949
