[results]
loss=1.7092057
err=0.48653919
elapsed_time_chunk=5.706980
