[results]
loss=1.3271078
err=0.39852774
elapsed_time_chunk=8.096505
