[results]
loss=1.528314
err=0.4469511
elapsed_time_chunk=8.270235
