[results]
loss=1.2474908
err=0.37755647
elapsed_time_chunk=5.546678
