[results]
loss=2.269032
err=0.5961014
elapsed_time_chunk=6.178475
