[results]
loss=5.3977637
err=0.8832568
elapsed_time_chunk=6.117237
