[results]
loss=1.5117658
err=0.442784
elapsed_time_chunk=6.882044
