[results]
loss=1.3644412
err=0.40863097
elapsed_time_chunk=6.200850
