[results]
loss=1.2837468
err=0.38907748
elapsed_time_chunk=6.107187
