[results]
loss=1.5838059
err=0.45972767
elapsed_time_chunk=5.991895
