[results]
loss=2.090826
err=0.56588954
elapsed_time_chunk=7.042115
