[results]
loss=1.9609362
err=0.54032433
elapsed_time_chunk=5.922573
