[results]
loss=1.4733093
err=0.43458802
elapsed_time_chunk=7.037759
