[results]
loss=1.3989432
err=0.41681218
elapsed_time_chunk=9.249941
