[results]
loss=1.2551969
err=0.3825063
elapsed_time_chunk=6.996430
