[results]
loss=1.3823261
err=0.4107484
elapsed_time_chunk=5.703118
