[results]
loss=2.6022296
err=0.65412444
elapsed_time_chunk=5.676449
