[results]
loss=1.4568255
err=0.42930827
elapsed_time_chunk=7.551367
