[results]
loss=1.2668494
err=0.38429952
elapsed_time_chunk=6.350582
