[results]
loss=1.9308865
err=0.53304476
elapsed_time_chunk=6.465634
