[results]
loss=1.5079607
err=0.44308484
elapsed_time_chunk=8.524253
