[results]
loss=1.2747658
err=0.38633054
elapsed_time_chunk=5.638017
