[results]
loss=1.582149
err=0.45952883
elapsed_time_chunk=6.018057
