[results]
loss=1.3055426
err=0.39288417
elapsed_time_chunk=6.109930
