[results]
loss=1.2509683
err=0.37940612
elapsed_time_chunk=6.316854
