[results]
loss=1.495499
err=0.4393447
elapsed_time_chunk=6.960431
