[results]
loss=1.247888
err=0.37834883
elapsed_time_chunk=6.308531
