[results]
loss=1.6180322
err=0.46728206
elapsed_time_chunk=5.915673
