[results]
loss=1.2637168
err=0.3819123
elapsed_time_chunk=5.965655
