[results]
loss=0.9540662
err=0.30169263
elapsed_time_chunk=6.428270
