[results]
loss=0.9501502
err=0.29873317
elapsed_time_chunk=6.738792
