[results]
loss=1.0564843
err=0.32916787
elapsed_time_chunk=5.904647
