[results]
loss=1.4855089
err=0.4371667
elapsed_time_chunk=5.944618
