[results]
loss=1.3122823
err=0.39678884
elapsed_time_chunk=6.729380
