[results]
loss=1.0323223
err=0.32331017
elapsed_time_chunk=6.575884
