[results]
loss=5.0940905
err=0.86748666
elapsed_time_chunk=6.758795
