[results]
loss=1.7178013
err=0.48935908
elapsed_time_chunk=5.881509
