[results]
loss=1.0194256
err=0.31873837
elapsed_time_chunk=6.401593
