[results]
loss=0.9462227
err=0.298836
elapsed_time_chunk=6.311598
