[results]
loss=1.0352008
err=0.3225184
elapsed_time_chunk=6.446131
