[results]
loss=2.067474
err=0.55821455
elapsed_time_chunk=6.532579
