[results]
loss=1.0076872
err=0.31623024
elapsed_time_chunk=5.945036
