[results]
loss=1.0884515
err=0.33772656
elapsed_time_chunk=6.268848
