[results]
loss=1.2604619
err=0.38211933
elapsed_time_chunk=6.480773
