[results]
loss=0.94207335
err=0.29691505
elapsed_time_chunk=6.509406
