[results]
loss=1.3888397
err=0.41412455
elapsed_time_chunk=6.426694
