[results]
loss=0.9345057
err=0.29463086
elapsed_time_chunk=6.369733
