[results]
loss=1.2862097
err=0.39028457
elapsed_time_chunk=6.583427
