[results]
loss=1.0094706
err=0.316785
elapsed_time_chunk=6.300534
