[results]
loss=1.1560271
err=0.35635683
elapsed_time_chunk=6.453903
