[results]
loss=1.6235408
err=0.468826
elapsed_time_chunk=6.500612
