[results]
loss=0.9931968
err=0.31098944
elapsed_time_chunk=6.616425
