[results]
loss=0.9977263
err=0.31291378
elapsed_time_chunk=6.497091
