[results]
loss=1.1979921
err=0.3661407
elapsed_time_chunk=6.179290
