[results]
loss=0.93836063
err=0.2962777
elapsed_time_chunk=6.842201
