[results]
loss=0.99014133
err=0.31089193
elapsed_time_chunk=6.184164
