[results]
loss=0.97363156
err=0.30602232
elapsed_time_chunk=6.391499
