[results]
loss=1.6223371
err=0.4683598
elapsed_time_chunk=6.569738
