[results]
loss=1.1836836
err=0.36435798
elapsed_time_chunk=6.503084
