[results]
loss=1.24127
err=0.37864852
elapsed_time_chunk=6.247113
