[results]
loss=1.8822083
err=0.5241907
elapsed_time_chunk=6.500418
