[results]
loss=0.9837713
err=0.30968696
elapsed_time_chunk=5.825598
