[results]
loss=1.7272279
err=0.48989642
elapsed_time_chunk=6.511278
