[results]
loss=1.5333478
err=0.4483931
elapsed_time_chunk=6.401291
