[results]
loss=0.94274503
err=0.29901093
elapsed_time_chunk=6.438537
