[results]
loss=0.95108503
err=0.30034474
elapsed_time_chunk=6.120569
