[results]
loss=0.9830665
err=0.3096619
elapsed_time_chunk=6.548504
