[results]
loss=2.1925154
err=0.5837528
elapsed_time_chunk=6.409366
