[results]
loss=1.8630104
err=0.51733416
elapsed_time_chunk=6.434186
