[results]
loss=1.3312956
err=0.39960715
elapsed_time_chunk=6.591236
