[results]
loss=1.0545578
err=0.32745817
elapsed_time_chunk=6.264503
