[results]
loss=0.94870573
err=0.2997736
elapsed_time_chunk=6.538374
