[results]
loss=2.5411901
err=0.64100665
elapsed_time_chunk=6.591509
