[results]
loss=0.96554375
err=0.30447012
elapsed_time_chunk=5.848748
