[results]
loss=1.3904
err=0.41577286
elapsed_time_chunk=5.957522
