[results]
loss=0.97305477
err=0.30538914
elapsed_time_chunk=5.758176
