[results]
loss=2.0373297
err=0.55520356
elapsed_time_chunk=5.908685
