[results]
loss=3.4519336
err=0.75429416
elapsed_time_chunk=6.827012
