[results]
loss=2.1532798
err=0.5741049
elapsed_time_chunk=6.469393
