[results]
loss=1.1493057
err=0.35198063
elapsed_time_chunk=6.117704
