[results]
loss=1.3481417
err=0.4059929
elapsed_time_chunk=6.114146
