[results]
loss=1.552284
err=0.4505283
elapsed_time_chunk=6.469085
