[results]
loss=1.0669005
err=0.33312714
elapsed_time_chunk=6.106351
