[results]
loss=0.95117813
err=0.29976818
elapsed_time_chunk=6.768525
