[results]
loss=0.9571349
err=0.30214515
elapsed_time_chunk=6.929347
