[results]
loss=0.9243967
err=0.2927511
elapsed_time_chunk=6.368214
