[results]
loss=1.3171672
err=0.3968313
elapsed_time_chunk=7.219692
