[results]
loss=1.0050671
err=0.316197
elapsed_time_chunk=5.939688
