[results]
loss=1.0717198
err=0.3340414
elapsed_time_chunk=6.972962
