[results]
loss=1.3508494
err=0.4052909
elapsed_time_chunk=6.185504
