[results]
loss=0.9771976
err=0.30577567
elapsed_time_chunk=6.717097
