[results]
loss=1.455271
err=0.42989853
elapsed_time_chunk=6.387537
