[results]
loss=0.9432657
err=0.29841202
elapsed_time_chunk=6.910483
