[results]
loss=1.5599484
err=0.45468304
elapsed_time_chunk=6.004494
