[results]
loss=0.9665924
err=0.30451438
elapsed_time_chunk=6.213476
