[results]
loss=0.9749997
err=0.30720982
elapsed_time_chunk=6.753910
