[results]
loss=1.439825
err=0.4256041
elapsed_time_chunk=6.556437
