[results]
loss=0.9561883
err=0.3015223
elapsed_time_chunk=6.616879
