[results]
loss=1.0690119
err=0.33334532
elapsed_time_chunk=6.558144
