[results]
loss=1.626875
err=0.46997264
elapsed_time_chunk=6.448475
