[results]
loss=1.052275
err=0.326455
elapsed_time_chunk=6.409858
