[results]
loss=1.0095907
err=0.31697014
elapsed_time_chunk=7.022250
