[results]
loss=1.1010517
err=0.3412202
elapsed_time_chunk=6.304701
