[results]
loss=1.0173477
err=0.31951421
elapsed_time_chunk=6.527067
