[results]
loss=0.93867534
err=0.29723072
elapsed_time_chunk=6.880001
