[results]
loss=1.4721223
err=0.43244147
elapsed_time_chunk=6.274468
