[results]
loss=1.4142891
err=0.42145443
elapsed_time_chunk=6.423977
