[results]
loss=1.050237
err=0.32865143
elapsed_time_chunk=6.450967
