[results]
loss=1.5641432
err=0.4537727
elapsed_time_chunk=6.609123
