[results]
loss=1.3709632
err=0.41051424
elapsed_time_chunk=6.222527
