[results]
loss=1.3130763
err=0.39548686
elapsed_time_chunk=5.954883
