[results]
loss=2.3743193
err=0.6155595
elapsed_time_chunk=6.609805
