[results]
loss=1.3355665
err=0.40206423
elapsed_time_chunk=6.588652
