[results]
loss=1.1801324
err=0.3619217
elapsed_time_chunk=6.725616
