[results]
loss=2.7875605
err=0.6772085
elapsed_time_chunk=6.537084
