[results]
loss=1.3181351
err=0.39823538
elapsed_time_chunk=6.308136
