[results]
loss=1.758275
err=0.49749908
elapsed_time_chunk=6.328808
