[results]
loss=1.894404
err=0.5253583
elapsed_time_chunk=6.690979
