[results]
loss=1.0109811
err=0.3159617
elapsed_time_chunk=6.189674
