[results]
loss=0.957172
err=0.30281967
elapsed_time_chunk=6.487222
