[results]
loss=0.93333423
err=0.2943616
elapsed_time_chunk=6.422998
