[results]
loss=1.4973792
err=0.4391468
elapsed_time_chunk=6.859348
