[results]
loss=1.8317087
err=0.50993717
elapsed_time_chunk=5.966942
