[results]
loss=1.4699395
err=0.43452102
elapsed_time_chunk=6.408052
