[results]
loss=0.9680698
err=0.30485505
elapsed_time_chunk=6.385783
