[results]
loss=0.9422618
err=0.2980507
elapsed_time_chunk=6.501643
