[results]
loss=1.1642348
err=0.35689443
elapsed_time_chunk=6.064003
