[results]
loss=0.9517504
err=0.3010481
elapsed_time_chunk=6.487440
