[results]
loss=1.1580727
err=0.35615012
elapsed_time_chunk=6.436766
