[results]
loss=1.7131813
err=0.4876258
elapsed_time_chunk=6.294089
