[results]
loss=0.94437647
err=0.29639912
elapsed_time_chunk=6.548446
