[results]
loss=1.3028592
err=0.39276567
elapsed_time_chunk=6.376786
