[results]
loss=1.0948765
err=0.3403084
elapsed_time_chunk=5.851317
