[results]
loss=0.97048
err=0.3048182
elapsed_time_chunk=6.777605
