[results]
loss=1.120654
err=0.34688738
elapsed_time_chunk=6.324578
