[results]
loss=0.94893897
err=0.30022642
elapsed_time_chunk=6.019029
