[results]
loss=1.6124312
err=0.46440482
elapsed_time_chunk=7.051149
