[results]
loss=1.6292486
err=0.46820083
elapsed_time_chunk=5.912877
