[results]
loss=1.419735
err=0.4213599
elapsed_time_chunk=6.641700
