[results]
loss=1.8843348
err=0.52494144
elapsed_time_chunk=6.799786
