[results]
loss=1.7288326
err=0.48935267
elapsed_time_chunk=6.336046
