[results]
loss=0.9355078
err=0.29500806
elapsed_time_chunk=6.678237
