[results]
loss=1.1489022
err=0.35380536
elapsed_time_chunk=5.875896
