[results]
loss=0.9921754
err=0.3109892
elapsed_time_chunk=6.562874
