[results]
loss=2.0757952
err=0.5600783
elapsed_time_chunk=6.403016
