[results]
loss=0.94813997
err=0.2981577
elapsed_time_chunk=5.962433
