[results]
loss=1.0518793
err=0.32741958
elapsed_time_chunk=6.614452
