[results]
loss=1.3812312
err=0.41125745
elapsed_time_chunk=6.500536
