[results]
loss=1.8509762
err=0.5170523
elapsed_time_chunk=5.941915
