[results]
loss=1.7392877
err=0.49520025
elapsed_time_chunk=6.117886
