[results]
loss=1.983031
err=0.5448262
elapsed_time_chunk=5.975446
