[results]
loss=1.8594173
err=0.5195692
elapsed_time_chunk=7.412279
