[results]
loss=2.1241746
err=0.5707378
elapsed_time_chunk=6.067944
