[results]
loss=1.9545671
err=0.5388824
elapsed_time_chunk=6.464315
