[results]
loss=1.93985
err=0.53463215
elapsed_time_chunk=6.151798
