[results]
loss=1.6736323
err=0.4771569
elapsed_time_chunk=5.645937
