[results]
loss=1.9857267
err=0.54187196
elapsed_time_chunk=6.497974
