[results]
loss=2.3582273
err=0.6130173
elapsed_time_chunk=11.800442
