[results]
loss=1.7768861
err=0.5032366
elapsed_time_chunk=6.149076
