[results]
loss=3.4675336
err=0.7680588
elapsed_time_chunk=6.321346
