[results]
loss=1.6948513
err=0.48319826
elapsed_time_chunk=6.484192
