[results]
loss=2.0649896
err=0.5609268
elapsed_time_chunk=5.717098
