[results]
loss=1.7007037
err=0.48627928
elapsed_time_chunk=6.145029
