[results]
loss=2.2569072
err=0.59708303
elapsed_time_chunk=5.636302
