[results]
loss=2.047414
err=0.5552986
elapsed_time_chunk=6.446574
