[results]
loss=2.078181
err=0.5623783
elapsed_time_chunk=7.747975
