[results]
loss=1.7966404
err=0.5077988
elapsed_time_chunk=6.779746
