[results]
loss=1.6718754
err=0.47925493
elapsed_time_chunk=6.135756
