[results]
loss=1.8884518
err=0.524767
elapsed_time_chunk=5.671273
