[results]
loss=1.6966913
err=0.4846315
elapsed_time_chunk=6.152613
