[results]
loss=1.9938592
err=0.54707766
elapsed_time_chunk=8.492584
