[results]
loss=1.8239275
err=0.51253676
elapsed_time_chunk=6.013198
