[results]
loss=2.3020074
err=0.6065461
elapsed_time_chunk=6.075678
