[results]
loss=1.9542738
err=0.5394318
elapsed_time_chunk=7.914900
