[results]
loss=1.6674056
err=0.47700572
elapsed_time_chunk=6.550539
