[results]
loss=1.8105733
err=0.5110317
elapsed_time_chunk=6.929550
