[results]
loss=1.902215
err=0.5277539
elapsed_time_chunk=6.389724
