[results]
loss=1.7726307
err=0.50087
elapsed_time_chunk=6.084029
