[results]
loss=2.638671
err=0.6621394
elapsed_time_chunk=6.308732
