[results]
loss=1.8272811
err=0.5116505
elapsed_time_chunk=6.282905
