[results]
loss=1.7016262
err=0.4871961
elapsed_time_chunk=6.169247
