[results]
loss=2.7285616
err=0.6752733
elapsed_time_chunk=6.412333
