[results]
loss=2.1856103
err=0.5814834
elapsed_time_chunk=6.274639
