[results]
loss=2.1960633
err=0.58470863
elapsed_time_chunk=6.221637
