[results]
loss=1.9621872
err=0.5402127
elapsed_time_chunk=5.655917
