[results]
loss=1.8470204
err=0.5149003
elapsed_time_chunk=5.754838
