[results]
loss=1.7067347
err=0.48757043
elapsed_time_chunk=5.687067
