[results]
loss=1.7944682
err=0.50535953
elapsed_time_chunk=6.177948
