[results]
loss=2.1302612
err=0.57454723
elapsed_time_chunk=7.396952
