[results]
loss=1.6888342
err=0.4834352
elapsed_time_chunk=6.307653
