[results]
loss=2.2826934
err=0.60025895
elapsed_time_chunk=6.387181
