[results]
loss=2.0465095
err=0.5554783
elapsed_time_chunk=6.038118
