[results]
loss=1.8626322
err=0.52085155
elapsed_time_chunk=6.062308
