[results]
loss=1.762401
err=0.49923608
elapsed_time_chunk=6.183571
