[results]
loss=1.6972966
err=0.48396665
elapsed_time_chunk=6.060815
