[results]
loss=1.7338626
err=0.4906403
elapsed_time_chunk=5.707710
