[results]
loss=2.4625971
err=0.6343975
elapsed_time_chunk=6.007818
