[results]
loss=1.7592609
err=0.49925932
elapsed_time_chunk=6.562835
