[results]
loss=1.7302649
err=0.49108928
elapsed_time_chunk=6.143546
