[results]
loss=1.857844
err=0.5203876
elapsed_time_chunk=7.560777
