[results]
loss=1.8069012
err=0.50843984
elapsed_time_chunk=6.290962
