[results]
loss=1.9166448
err=0.5289648
elapsed_time_chunk=8.694114
