[results]
loss=1.9589133
err=0.539431
elapsed_time_chunk=10.170471
