[results]
loss=1.8661062
err=0.52022946
elapsed_time_chunk=6.936250
