[results]
loss=1.9051098
err=0.5289352
elapsed_time_chunk=7.906318
