[results]
loss=1.9170039
err=0.5320514
elapsed_time_chunk=9.428881
