[results]
loss=1.732077
err=0.4927243
elapsed_time_chunk=5.628756
