[results]
loss=1.8242443
err=0.5135215
elapsed_time_chunk=5.687861
