[results]
loss=1.6627812
err=0.47825485
elapsed_time_chunk=6.285488
