[results]
loss=1.7715855
err=0.49998194
elapsed_time_chunk=5.665844
