[results]
loss=2.4600823
err=0.63282144
elapsed_time_chunk=8.871547
