[results]
loss=1.6998023
err=0.48606786
elapsed_time_chunk=6.265894
