[results]
loss=1.9632896
err=0.5413125
elapsed_time_chunk=6.200102
