[results]
loss=1.6838622
err=0.4806613
elapsed_time_chunk=6.232786
