[results]
loss=2.294062
err=0.6032693
elapsed_time_chunk=6.423056
