[results]
loss=3.1673927
err=0.7358701
elapsed_time_chunk=6.694045
