[results]
loss=1.9542598
err=0.5403012
elapsed_time_chunk=6.062714
