[results]
loss=2.620304
err=0.6588796
elapsed_time_chunk=6.136422
