[results]
loss=1.8263881
err=0.5129015
elapsed_time_chunk=6.329844
