[results]
loss=2.2982557
err=0.6048016
elapsed_time_chunk=9.190739
