[results]
loss=1.6895597
err=0.48229963
elapsed_time_chunk=6.084690
