[results]
loss=1.911144
err=0.5303834
elapsed_time_chunk=8.540767
