[results]
loss=1.8062485
err=0.50885445
elapsed_time_chunk=7.329490
