[results]
loss=1.9370294
err=0.5373559
elapsed_time_chunk=6.766471
