[results]
loss=2.4332416
err=0.62979525
elapsed_time_chunk=6.115213
