[results]
loss=2.0050292
err=0.5469193
elapsed_time_chunk=6.157938
