[results]
loss=2.1348653
err=0.5712486
elapsed_time_chunk=6.147419
