[results]
loss=1.6457319
err=0.47214693
elapsed_time_chunk=6.215343
