[results]
loss=2.1744914
err=0.58060074
elapsed_time_chunk=5.992205
