[results]
loss=1.7923802
err=0.50528425
elapsed_time_chunk=6.557412
