[results]
loss=1.8336172
err=0.51513565
elapsed_time_chunk=7.263046
