[results]
loss=1.798654
err=0.5070192
elapsed_time_chunk=6.233407
