[results]
loss=1.9928373
err=0.5471506
elapsed_time_chunk=5.761014
