[results]
loss=1.6881927
err=0.48197427
elapsed_time_chunk=6.003819
