[results]
loss=2.4005158
err=0.6209116
elapsed_time_chunk=6.217353
