[results]
loss=1.6777642
err=0.48190695
elapsed_time_chunk=6.262892
