[results]
loss=1.8193293
err=0.51067245
elapsed_time_chunk=5.882444
