[results]
loss=1.8332984
err=0.5147137
elapsed_time_chunk=6.393749
