[results]
loss=2.055572
err=0.55806065
elapsed_time_chunk=6.367292
