[results]
loss=2.2055833
err=0.5865405
elapsed_time_chunk=6.281872
