[results]
loss=1.697375
err=0.48469996
elapsed_time_chunk=5.992031
