[results]
loss=1.8628331
err=0.5191483
elapsed_time_chunk=5.979393
