[results]
loss=1.8996756
err=0.5282179
elapsed_time_chunk=6.625780
