[results]
loss=1.7982072
err=0.5063682
elapsed_time_chunk=6.598475
