[results]
loss=1.7357502
err=0.49226594
elapsed_time_chunk=6.142377
