[results]
loss=1.8582269
err=0.51936024
elapsed_time_chunk=6.102253
