[results]
loss=1.8744756
err=0.52088165
elapsed_time_chunk=6.120166
