[results]
loss=5.5271378
err=0.89037865
elapsed_time_chunk=7.417936
