[results]
loss=2.0209334
err=0.55262923
elapsed_time_chunk=6.176159
