[results]
loss=1.7832804
err=0.5037385
elapsed_time_chunk=6.267928
