[results]
loss=1.7355976
err=0.4932144
elapsed_time_chunk=6.225622
