[results]
loss=2.5769067
err=0.6534723
elapsed_time_chunk=5.543309
