[results]
loss=2.7955387
err=0.6878855
elapsed_time_chunk=6.315612
