[results]
loss=2.0416179
err=0.55536515
elapsed_time_chunk=7.290712
