[results]
loss=1.883383
err=0.5212784
elapsed_time_chunk=9.962168
