[results]
loss=1.6888291
err=0.48388
elapsed_time_chunk=6.299241
