[results]
loss=2.1885424
err=0.58422935
elapsed_time_chunk=6.565783
