[results]
loss=1.8490638
err=0.5187221
elapsed_time_chunk=7.567568
