[results]
loss=1.8912493
err=0.5258828
elapsed_time_chunk=6.103139
