[results]
loss=1.784002
err=0.50454015
elapsed_time_chunk=6.130601
