[results]
loss=1.977754
err=0.5435555
elapsed_time_chunk=6.482876
