[results]
loss=2.969629
err=0.7121072
elapsed_time_chunk=6.135221
