[results]
loss=1.6545025
err=0.47519195
elapsed_time_chunk=6.167550
