[results]
loss=1.8350703
err=0.5137255
elapsed_time_chunk=6.604234
