[results]
loss=2.120163
err=0.5705255
elapsed_time_chunk=8.530288
