[results]
loss=2.0785782
err=0.5618505
elapsed_time_chunk=6.094846
