[results]
loss=2.098423
err=0.5659688
elapsed_time_chunk=6.807772
