[results]
loss=4.163898
err=0.8249233
elapsed_time_chunk=6.229393
