[results]
loss=5.240411
err=0.8714413
elapsed_time_chunk=6.550911
