[results]
loss=3.6236908
err=0.7665168
elapsed_time_chunk=6.651355
