[results]
loss=0.9880436
err=0.30992523
elapsed_time_chunk=6.698762
