[results]
loss=1.317659
err=0.3958845
elapsed_time_chunk=6.427916
