[results]
loss=2.1743262
err=0.5771047
elapsed_time_chunk=6.569367
