[results]
loss=1.5639803
err=0.45418605
elapsed_time_chunk=6.222762
