[results]
loss=0.96747583
err=0.30499503
elapsed_time_chunk=5.920258
