[results]
loss=1.403543
err=0.41855055
elapsed_time_chunk=5.952009
