[results]
loss=1.6214657
err=0.4656729
elapsed_time_chunk=7.171233
