[results]
loss=1.0777662
err=0.33446604
elapsed_time_chunk=6.011401
