[results]
loss=1.0308739
err=0.32077736
elapsed_time_chunk=6.166115
