[results]
loss=1.502702
err=0.43940094
elapsed_time_chunk=6.305609
