[results]
loss=0.9918822
err=0.31105626
elapsed_time_chunk=5.893701
