[results]
loss=1.6366346
err=0.47076684
elapsed_time_chunk=6.491044
