[results]
loss=1.0384976
err=0.3248247
elapsed_time_chunk=6.395036
