[results]
loss=1.7265017
err=0.4899699
elapsed_time_chunk=6.055343
