[results]
loss=1.8976551
err=0.52708936
elapsed_time_chunk=6.655538
