[results]
loss=1.090345
err=0.33923838
elapsed_time_chunk=5.987817
