[results]
loss=1.4821117
err=0.4367474
elapsed_time_chunk=6.690721
