[results]
loss=2.4056413
err=0.6190948
elapsed_time_chunk=6.047474
