[results]
loss=1.3587488
err=0.40724236
elapsed_time_chunk=6.152901
