[results]
loss=1.0018137
err=0.31416798
elapsed_time_chunk=5.816869
