[results]
loss=0.98085004
err=0.3080636
elapsed_time_chunk=5.924891
