[results]
loss=1.7412987
err=0.4921964
elapsed_time_chunk=6.887247
