[results]
loss=1.0140517
err=0.31770983
elapsed_time_chunk=6.599652
