[results]
loss=1.6361021
err=0.46979523
elapsed_time_chunk=6.040629
