[results]
loss=1.1076024
err=0.34271613
elapsed_time_chunk=6.297473
