[results]
loss=1.5687656
err=0.45420364
elapsed_time_chunk=6.109323
