[results]
loss=1.027326
err=0.32036093
elapsed_time_chunk=6.485344
