[results]
loss=2.8859043
err=0.68759954
elapsed_time_chunk=6.520763
