[results]
loss=0.9655174
err=0.3034442
elapsed_time_chunk=6.299984
