[results]
loss=1.4825785
err=0.4343679
elapsed_time_chunk=6.361184
