[results]
loss=1.7247449
err=0.4880965
elapsed_time_chunk=6.456304
