[results]
loss=1.8973342
err=0.5281977
elapsed_time_chunk=6.441241
