[results]
loss=1.5018785
err=0.43991312
elapsed_time_chunk=6.667458
