[results]
loss=2.0186172
err=0.54999375
elapsed_time_chunk=10.954301
