[results]
loss=1.5675786
err=0.45650202
elapsed_time_chunk=25.113734
