[results]
loss=1.9891155
err=0.54578006
elapsed_time_chunk=11.960350
