[results]
loss=1.4402336
err=0.42642304
elapsed_time_chunk=10.030550
