[results]
loss=1.8361413
err=0.5139226
elapsed_time_chunk=15.521596
