[results]
loss=1.5533392
err=0.4519323
elapsed_time_chunk=15.367896
