[results]
loss=1.5765327
err=0.45837507
elapsed_time_chunk=13.501020
