[results]
loss=1.7141359
err=0.4882562
elapsed_time_chunk=11.167716
