[results]
loss=1.5139158
err=0.44159478
elapsed_time_chunk=6.333432
