[results]
loss=3.0198526
err=0.71777785
elapsed_time_chunk=12.531676
