[results]
loss=1.6726323
err=0.47816926
elapsed_time_chunk=18.516739
