[results]
loss=1.8254209
err=0.51367974
elapsed_time_chunk=25.878393
