[results]
loss=2.0952353
err=0.5658983
elapsed_time_chunk=7.316931
