[results]
loss=1.6514809
err=0.474539
elapsed_time_chunk=16.998719
