[results]
loss=2.0233474
err=0.5520388
elapsed_time_chunk=9.922907
