[results]
loss=2.1195343
err=0.5719698
elapsed_time_chunk=9.679602
