[results]
loss=2.430815
err=0.62742454
elapsed_time_chunk=7.150133
