[results]
loss=1.6754862
err=0.48050386
elapsed_time_chunk=12.619084
