[results]
loss=1.6776514
err=0.48002678
elapsed_time_chunk=16.300280
