[results]
loss=1.7844336
err=0.50195754
elapsed_time_chunk=13.726578
