[results]
loss=2.3001988
err=0.6046133
elapsed_time_chunk=6.747739
