[results]
loss=1.5866047
err=0.45807648
elapsed_time_chunk=10.103119
