[results]
loss=1.5819026
err=0.4593132
elapsed_time_chunk=9.957846
