[results]
loss=4.6121144
err=0.8464246
elapsed_time_chunk=6.348144
