[results]
loss=1.830781
err=0.5153842
elapsed_time_chunk=15.404772
