[results]
loss=1.816179
err=0.50820833
elapsed_time_chunk=11.826568
