[results]
loss=1.4860555
err=0.43813476
elapsed_time_chunk=7.009741
