[results]
loss=2.5860023
err=0.6554403
elapsed_time_chunk=6.249924
