[results]
loss=0.95639485
err=0.30117008
elapsed_time_chunk=6.085669
