[results]
loss=1.1566645
err=0.354934
elapsed_time_chunk=6.215109
