[results]
loss=0.9630504
err=0.30443954
elapsed_time_chunk=6.214496
