[results]
loss=2.4728863
err=0.63295615
elapsed_time_chunk=6.359800
