[results]
loss=0.9801348
err=0.3068718
elapsed_time_chunk=6.428744
