[results]
loss=1.4643462
err=0.43177056
elapsed_time_chunk=6.637632
