[results]
loss=1.4734793
err=0.43490595
elapsed_time_chunk=6.439514
