[results]
loss=0.94475615
err=0.29815626
elapsed_time_chunk=38.578939
