[results]
loss=2.1531305
err=0.5790999
elapsed_time_chunk=6.311324
