[results]
loss=1.4177277
err=0.42096266
elapsed_time_chunk=6.423856
