[results]
loss=1.8666854
err=0.51924384
elapsed_time_chunk=7.096996
