[results]
loss=0.96338636
err=0.30331695
elapsed_time_chunk=6.517612
