[results]
loss=1.5840114
err=0.4593635
elapsed_time_chunk=6.257375
