[results]
loss=0.9587126
err=0.30294892
elapsed_time_chunk=6.308461
