[results]
loss=1.0145627
err=0.31744576
elapsed_time_chunk=6.761814
