[results]
loss=0.9509984
err=0.29897475
elapsed_time_chunk=6.520375
