[results]
loss=1.541124
err=0.44885275
elapsed_time_chunk=6.611178
