[results]
loss=1.0860888
err=0.33711007
elapsed_time_chunk=6.544770
