[results]
loss=0.9519969
err=0.30052084
elapsed_time_chunk=6.257883
