[results]
loss=1.7001874
err=0.48385268
elapsed_time_chunk=6.312849
