[results]
loss=1.3277018
err=0.40083718
elapsed_time_chunk=5.839084
