[results]
loss=1.5122092
err=0.44365677
elapsed_time_chunk=6.967480
