[results]
loss=1.3922875
err=0.4164519
elapsed_time_chunk=6.594084
