[results]
loss=0.95692194
err=0.30233613
elapsed_time_chunk=6.567865
