[results]
loss=1.003184
err=0.31448075
elapsed_time_chunk=6.327064
