[results]
loss=1.020203
err=0.31820473
elapsed_time_chunk=5.884961
