[results]
loss=0.95285
err=0.3010557
elapsed_time_chunk=6.337400
