[results]
loss=1.697936
err=0.48404744
elapsed_time_chunk=6.167465
