[results]
loss=0.9583086
err=0.30375087
elapsed_time_chunk=6.860508
