[results]
loss=1.1473185
err=0.3543697
elapsed_time_chunk=5.857022
