[results]
loss=2.0459943
err=0.5553337
elapsed_time_chunk=6.510608
