[results]
loss=1.0493428
err=0.3278325
elapsed_time_chunk=6.306156
