[results]
loss=1.3488321
err=0.40510628
elapsed_time_chunk=6.591275
