[results]
loss=0.9545653
err=0.30169234
elapsed_time_chunk=7.112166
