[results]
loss=1.3245473
err=0.3992075
elapsed_time_chunk=6.500420
