[results]
loss=0.9609582
err=0.3036425
elapsed_time_chunk=6.134155
