[results]
loss=1.0542035
err=0.32908198
elapsed_time_chunk=6.444346
