[results]
loss=0.95640135
err=0.30205655
elapsed_time_chunk=6.865193
