[results]
loss=0.981803
err=0.30918995
elapsed_time_chunk=6.504923
