[results]
loss=0.9412224
err=0.2978842
elapsed_time_chunk=6.858497
