[results]
loss=0.9667244
err=0.30367664
elapsed_time_chunk=6.532745
