[results]
loss=0.9951668
err=0.31356433
elapsed_time_chunk=6.269219
