[results]
loss=0.9969262
err=0.3138348
elapsed_time_chunk=6.683502
