[results]
loss=1.5978733
err=0.46387503
elapsed_time_chunk=6.374146
