[results]
loss=0.97677773
err=0.3071934
elapsed_time_chunk=6.453554
