[results]
loss=1.463507
err=0.43146062
elapsed_time_chunk=6.416243
