[results]
loss=1.0573673
err=0.32869613
elapsed_time_chunk=6.300098
