[results]
loss=0.9407019
err=0.29771414
elapsed_time_chunk=6.290060
