[results]
loss=1.2908413
err=0.39016992
elapsed_time_chunk=6.445424
