[results]
loss=1.3723805
err=0.41128045
elapsed_time_chunk=5.983778
