[results]
loss=1.7051065
err=0.48603407
elapsed_time_chunk=6.576334
