[results]
loss=1.6058522
err=0.46386054
elapsed_time_chunk=21.620301
