[results]
loss=0.9815968
err=0.30771357
elapsed_time_chunk=6.418334
