[results]
loss=0.996322
err=0.3109384
elapsed_time_chunk=6.679565
