[results]
loss=4.9785113
err=0.86245865
elapsed_time_chunk=6.795096
