[results]
loss=1.535386
err=0.44859284
elapsed_time_chunk=5.935546
