[results]
loss=0.9920866
err=0.31086078
elapsed_time_chunk=6.086056
