[results]
loss=0.9823497
err=0.310322
elapsed_time_chunk=6.216136
