[results]
loss=1.8447239
err=0.5148694
elapsed_time_chunk=6.243222
