[results]
loss=0.9717134
err=0.30674645
elapsed_time_chunk=6.504448
