[results]
loss=1.1595348
err=0.35728812
elapsed_time_chunk=6.443097
