[results]
loss=0.95127106
err=0.2993969
elapsed_time_chunk=6.498038
