[results]
loss=1.2983582
err=0.39313838
elapsed_time_chunk=6.595479
