[results]
loss=1.682106
err=0.48066673
elapsed_time_chunk=6.383795
