[results]
loss=1.8603084
err=0.5209852
elapsed_time_chunk=6.489271
