[results]
loss=2.0170064
err=0.5516137
elapsed_time_chunk=5.770597
