[results]
loss=1.4487419
err=0.42917234
elapsed_time_chunk=6.349187
