[results]
loss=2.051845
err=0.55735844
elapsed_time_chunk=6.463923
