[results]
loss=1.3547244
err=0.40615252
elapsed_time_chunk=6.371973
