[results]
loss=0.9705106
err=0.3049214
elapsed_time_chunk=5.976400
