[results]
loss=1.3095791
err=0.3963312
elapsed_time_chunk=6.366416
