[results]
loss=2.3328662
err=0.6087727
elapsed_time_chunk=5.977426
