[results]
loss=0.9543605
err=0.3031366
elapsed_time_chunk=7.051183
