[results]
loss=0.9668366
err=0.30435205
elapsed_time_chunk=6.741246
