[results]
loss=1.364855
err=0.4080447
elapsed_time_chunk=7.028294
