[results]
loss=1.0181164
err=0.31826356
elapsed_time_chunk=6.776210
