[results]
loss=1.1625743
err=0.35789138
elapsed_time_chunk=6.277383
