[results]
loss=0.9912455
err=0.31188592
elapsed_time_chunk=6.485387
