[results]
loss=1.3043153
err=0.39344195
elapsed_time_chunk=6.553877
