[results]
loss=1.0939581
err=0.33890668
elapsed_time_chunk=6.517350
