[results]
loss=0.96055263
err=0.30195674
elapsed_time_chunk=6.317788
