[results]
loss=1.5995269
err=0.46281123
elapsed_time_chunk=6.250345
