[results]
loss=1.0224273
err=0.3192582
elapsed_time_chunk=6.299154
