[results]
loss=1.068385
err=0.33224338
elapsed_time_chunk=6.587964
