[results]
loss=1.2000471
err=0.36666784
elapsed_time_chunk=5.855419
