[results]
loss=1.0792083
err=0.3366845
elapsed_time_chunk=5.904027
