[results]
loss=1.2007462
err=0.36749524
elapsed_time_chunk=6.409155
