[results]
loss=0.99241155
err=0.31254458
elapsed_time_chunk=6.390687
