[results]
loss=1.393868
err=0.41524637
elapsed_time_chunk=6.314015
