[results]
loss=1.8099092
err=0.50678754
elapsed_time_chunk=5.931250
