[results]
loss=1.8576977
err=0.51825017
elapsed_time_chunk=6.477460
