[results]
loss=1.5258117
err=0.4457199
elapsed_time_chunk=6.676010
