[results]
loss=1.2336413
err=0.37558135
elapsed_time_chunk=6.660693
