[results]
loss=0.9667016
err=0.30462053
elapsed_time_chunk=6.352598
