[results]
loss=0.9580445
err=0.30264544
elapsed_time_chunk=6.419811
