[results]
loss=2.1267414
err=0.571184
elapsed_time_chunk=6.411173
