[results]
loss=0.95497453
err=0.30155894
elapsed_time_chunk=5.841089
