[results]
loss=1.4475684
err=0.42724055
elapsed_time_chunk=6.250152
