[results]
loss=1.0629772
err=0.33163118
elapsed_time_chunk=6.383910
