[results]
loss=1.7339303
err=0.49138573
elapsed_time_chunk=6.115847
