[results]
loss=0.96609026
err=0.30349106
elapsed_time_chunk=6.252678
