[results]
loss=0.95162696
err=0.30088186
elapsed_time_chunk=6.935416
