[results]
loss=1.0267137
err=0.3219298
elapsed_time_chunk=6.029684
