[results]
loss=1.0270646
err=0.3217013
elapsed_time_chunk=6.500835
