[results]
loss=0.9622788
err=0.30371147
elapsed_time_chunk=5.899382
