[results]
loss=0.9530985
err=0.30061024
elapsed_time_chunk=6.605146
