[results]
loss=0.9669242
err=0.30414566
elapsed_time_chunk=6.250630
