[results]
loss=0.9585735
err=0.30137604
elapsed_time_chunk=6.614156
