[results]
loss=1.6049714
err=0.4640007
elapsed_time_chunk=6.403975
