[results]
loss=1.153506
err=0.3556814
elapsed_time_chunk=6.261133
