[results]
loss=0.94914937
err=0.2984525
elapsed_time_chunk=5.887452
