[results]
loss=1.185307
err=0.36534822
elapsed_time_chunk=6.511529
