[results]
loss=1.1216341
err=0.34723344
elapsed_time_chunk=6.710742
