[results]
loss=1.435809
err=0.4257351
elapsed_time_chunk=5.900707
