[results]
loss=1.0132145
err=0.31834388
elapsed_time_chunk=6.457485
