[results]
loss=1.0875381
err=0.3371757
elapsed_time_chunk=6.105814
