[results]
loss=0.94949335
err=0.2998887
elapsed_time_chunk=6.371334
