[results]
loss=1.280402
err=0.38733068
elapsed_time_chunk=6.964246
