[results]
loss=3.251824
err=0.7375677
elapsed_time_chunk=6.188715
