[results]
loss=2.6720505
err=0.66432035
elapsed_time_chunk=6.293185
