[results]
loss=0.90343255
err=0.2889065
elapsed_time_chunk=6.405231
