[results]
loss=1.0157313
err=0.31810492
elapsed_time_chunk=6.487279
