[results]
loss=1.1232569
err=0.3475106
elapsed_time_chunk=5.875282
