[results]
loss=1.6891894
err=0.48237798
elapsed_time_chunk=6.407932
