[results]
loss=0.90898633
err=0.2882901
elapsed_time_chunk=6.812297
