[results]
loss=0.92728907
err=0.294752
elapsed_time_chunk=17.057623
