[results]
loss=1.3124973
err=0.39681816
elapsed_time_chunk=5.821016
