[results]
loss=1.4514366
err=0.43039852
elapsed_time_chunk=5.911973
