[results]
loss=1.0229415
err=0.3212714
elapsed_time_chunk=5.913969
