[results]
loss=0.9669781
err=0.3053225
elapsed_time_chunk=7.730037
