[results]
loss=1.4056515
err=0.41837177
elapsed_time_chunk=6.394876
