[results]
loss=0.9552188
err=0.3018861
elapsed_time_chunk=9.626443
