[results]
loss=1.4946868
err=0.43992364
elapsed_time_chunk=6.365682
