[results]
loss=0.8886712
err=0.28336218
elapsed_time_chunk=6.504859
