[results]
loss=1.4507279
err=0.42820406
elapsed_time_chunk=6.416390
