[results]
loss=1.5784637
err=0.45861438
elapsed_time_chunk=6.364535
