[results]
loss=0.8830914
err=0.28236988
elapsed_time_chunk=6.278806
