[results]
loss=1.1155556
err=0.34592235
elapsed_time_chunk=5.909243
