[results]
loss=1.6890287
err=0.4807768
elapsed_time_chunk=6.446818
