[results]
loss=1.2800895
err=0.38896313
elapsed_time_chunk=6.444950
