[results]
loss=0.8975299
err=0.28661883
elapsed_time_chunk=6.196996
