[results]
loss=0.9853317
err=0.31092158
elapsed_time_chunk=63.227116
