[results]
loss=1.3466874
err=0.4032145
elapsed_time_chunk=6.232213
