[results]
loss=0.89754236
err=0.2862124
elapsed_time_chunk=6.519699
