[results]
loss=1.5227964
err=0.4447887
elapsed_time_chunk=5.938909
