[results]
loss=2.4487338
err=0.6299794
elapsed_time_chunk=7.102992
