[results]
loss=1.1620125
err=0.35754874
elapsed_time_chunk=6.532601
