[results]
loss=1.2826321
err=0.38917062
elapsed_time_chunk=6.648144
