[results]
loss=0.94371325
err=0.2988127
elapsed_time_chunk=32.527924
