[results]
loss=1.5642563
err=0.45514688
elapsed_time_chunk=6.345679
