[results]
loss=1.59252
err=0.46193063
elapsed_time_chunk=6.860210
