[results]
loss=2.0277438
err=0.55219704
elapsed_time_chunk=6.398268
