[results]
loss=2.000188
err=0.5475795
elapsed_time_chunk=5.800388
