[results]
loss=1.5856937
err=0.45937678
elapsed_time_chunk=6.745988
