[results]
loss=0.9382487
err=0.29857686
elapsed_time_chunk=6.176078
