[results]
loss=1.8506444
err=0.5162356
elapsed_time_chunk=6.501663
