[results]
loss=1.3361768
err=0.4021749
elapsed_time_chunk=6.606097
