[results]
loss=1.1458957
err=0.35453364
elapsed_time_chunk=6.355891
