[results]
loss=0.9025439
err=0.28884816
elapsed_time_chunk=6.570185
