[results]
loss=0.9210926
err=0.29348373
elapsed_time_chunk=5.903904
