[results]
loss=0.99999124
err=0.31436452
elapsed_time_chunk=6.632946
