[results]
loss=0.94548607
err=0.30212933
elapsed_time_chunk=18.955555
