[results]
loss=1.5146811
err=0.44355747
elapsed_time_chunk=6.732421
