[results]
loss=1.1087776
err=0.34220478
elapsed_time_chunk=6.206552
