[results]
loss=0.8965282
err=0.28636396
elapsed_time_chunk=6.527180
