[results]
loss=0.89611876
err=0.28576407
elapsed_time_chunk=6.082957
