[results]
loss=1.047632
err=0.32840818
elapsed_time_chunk=6.577503
