[results]
loss=3.1121194
err=0.7269058
elapsed_time_chunk=6.191047
