[results]
loss=1.4616683
err=0.43234235
elapsed_time_chunk=6.692067
