[results]
loss=0.88861334
err=0.28348526
elapsed_time_chunk=6.683071
