[results]
loss=1.5256444
err=0.44561416
elapsed_time_chunk=6.342392
