[results]
loss=0.8970251
err=0.28620404
elapsed_time_chunk=6.639972
