[results]
loss=0.91687614
err=0.29043505
elapsed_time_chunk=6.539302
