[results]
loss=1.2036985
err=0.37010992
elapsed_time_chunk=6.629404
