[results]
loss=1.1174835
err=0.34641647
elapsed_time_chunk=6.971615
