[results]
loss=1.8287494
err=0.511676
elapsed_time_chunk=6.656836
