[results]
loss=0.92680246
err=0.29466072
elapsed_time_chunk=6.375384
