[results]
loss=2.107191
err=0.5676412
elapsed_time_chunk=6.440753
