[results]
loss=0.8997693
err=0.28603786
elapsed_time_chunk=6.259194
