[results]
loss=0.9544774
err=0.30203685
elapsed_time_chunk=5.999645
