[results]
loss=1.3579899
err=0.40709424
elapsed_time_chunk=5.989744
