[results]
loss=2.037767
err=0.5543759
elapsed_time_chunk=6.359468
