[results]
loss=1.8441418
err=0.51759565
elapsed_time_chunk=6.593692
