[results]
loss=1.6630348
err=0.47718275
elapsed_time_chunk=6.474198
