[results]
loss=1.3440285
err=0.4023371
elapsed_time_chunk=6.459188
