[results]
loss=1.0066245
err=0.31616765
elapsed_time_chunk=37.273508
