[results]
loss=2.1280363
err=0.5741811
elapsed_time_chunk=6.373811
