[results]
loss=1.4348927
err=0.42548558
elapsed_time_chunk=6.713568
