[results]
loss=0.90293807
err=0.287728
elapsed_time_chunk=6.844172
