[results]
loss=4.7563076
err=0.8533265
elapsed_time_chunk=6.427207
