[results]
loss=0.89213634
err=0.2843565
elapsed_time_chunk=5.952778
