[results]
loss=0.91616815
err=0.29168618
elapsed_time_chunk=5.843490
