[results]
loss=0.9608927
err=0.3038541
elapsed_time_chunk=7.128315
