[results]
loss=0.9677715
err=0.30627528
elapsed_time_chunk=6.513623
