[results]
loss=1.0115803
err=0.31796062
elapsed_time_chunk=6.343623
