[results]
loss=0.91938287
err=0.2913621
elapsed_time_chunk=6.476263
