[results]
loss=0.91548127
err=0.29080802
elapsed_time_chunk=6.496120
