[results]
loss=0.87486285
err=0.279648
elapsed_time_chunk=6.284691
