[results]
loss=0.88389915
err=0.28131697
elapsed_time_chunk=6.177306
