[results]
loss=1.0658867
err=0.33372787
elapsed_time_chunk=6.196701
