[results]
loss=1.3775103
err=0.40907407
elapsed_time_chunk=6.310871
