[results]
loss=1.0859102
err=0.33690965
elapsed_time_chunk=6.484354
