[results]
loss=0.89290977
err=0.285018
elapsed_time_chunk=6.341435
