[results]
loss=1.0387421
err=0.32613662
elapsed_time_chunk=6.388447
