[results]
loss=1.2777863
err=0.38819844
elapsed_time_chunk=5.918539
