[results]
loss=0.9838361
err=0.30936325
elapsed_time_chunk=6.726098
