[results]
loss=1.4308755
err=0.42378366
elapsed_time_chunk=6.281787
