[results]
loss=1.1062804
err=0.34465706
elapsed_time_chunk=5.851181
