[results]
loss=2.621452
err=0.659394
elapsed_time_chunk=6.601469
