[results]
loss=1.0054972
err=0.3175299
elapsed_time_chunk=6.457056
