[results]
loss=0.89314246
err=0.28494924
elapsed_time_chunk=6.912827
