[results]
loss=1.594473
err=0.46096408
elapsed_time_chunk=5.956083
