[results]
loss=0.8996372
err=0.2871417
elapsed_time_chunk=6.043021
