[results]
loss=1.1424857
err=0.35355926
elapsed_time_chunk=6.347759
