[results]
loss=0.8987177
err=0.28591686
elapsed_time_chunk=6.452420
