[results]
loss=0.9143428
err=0.29171988
elapsed_time_chunk=5.903056
