[results]
loss=1.2736652
err=0.38660052
elapsed_time_chunk=6.243191
