[results]
loss=1.2897744
err=0.39014733
elapsed_time_chunk=6.574798
