[results]
loss=0.88918924
err=0.28390938
elapsed_time_chunk=6.567088
