[results]
loss=0.9066731
err=0.2880433
elapsed_time_chunk=6.250289
