[results]
loss=0.9360146
err=0.29571182
elapsed_time_chunk=6.394708
