[results]
loss=0.9242388
err=0.29495716
elapsed_time_chunk=6.499313
