[results]
loss=0.9061681
err=0.28831697
elapsed_time_chunk=6.567372
