[results]
loss=2.3133724
err=0.6071665
elapsed_time_chunk=6.251791
