[results]
loss=1.6857469
err=0.48131198
elapsed_time_chunk=5.910541
