[results]
loss=1.7939013
err=0.5029737
elapsed_time_chunk=6.155085
