[results]
loss=0.96027213
err=0.30496144
elapsed_time_chunk=6.113938
