[results]
loss=1.8394997
err=0.5151567
elapsed_time_chunk=6.386922
