[results]
loss=1.0732415
err=0.33557525
elapsed_time_chunk=6.291141
