[results]
loss=1.218713
err=0.37240624
elapsed_time_chunk=6.558466
