[results]
loss=1.3051804
err=0.3949928
elapsed_time_chunk=6.287000
