[results]
loss=1.1148188
err=0.3445168
elapsed_time_chunk=6.557384
