[results]
loss=0.8990223
err=0.28608397
elapsed_time_chunk=6.432538
