[results]
loss=1.2469239
err=0.38148168
elapsed_time_chunk=6.343138
