[results]
loss=1.3785634
err=0.41258144
elapsed_time_chunk=6.474942
