[results]
loss=1.2680782
err=0.38586995
elapsed_time_chunk=6.707344
