[results]
loss=1.4205805
err=0.42123312
elapsed_time_chunk=6.196170
