[results]
loss=1.0640672
err=0.33248413
elapsed_time_chunk=6.605958
