[results]
loss=1.7190185
err=0.489928
elapsed_time_chunk=6.290241
