[results]
loss=1.2984811
err=0.39477497
elapsed_time_chunk=6.387100
