[results]
loss=0.90119845
err=0.28688166
elapsed_time_chunk=6.238516
