[results]
loss=0.90247715
err=0.28758696
elapsed_time_chunk=6.394326
