[results]
loss=0.9474807
err=0.29979476
elapsed_time_chunk=6.510467
