[results]
loss=1.284435
err=0.38851017
elapsed_time_chunk=6.560818
