[results]
loss=1.020885
err=0.31953257
elapsed_time_chunk=6.334734
