[results]
loss=1.4705136
err=0.43314618
elapsed_time_chunk=6.929336
