[results]
loss=4.838634
err=0.8564717
elapsed_time_chunk=6.261023
