[results]
loss=0.9310784
err=0.2948186
elapsed_time_chunk=6.665349
