[results]
loss=1.1418489
err=0.3528896
elapsed_time_chunk=6.235157
