[results]
loss=1.2289941
err=0.37668785
elapsed_time_chunk=6.284008
