[results]
loss=0.91896623
err=0.29258698
elapsed_time_chunk=6.519580
