[results]
loss=0.89095503
err=0.28465635
elapsed_time_chunk=6.432800
