[results]
loss=0.9379833
err=0.2961114
elapsed_time_chunk=6.495136
