[results]
loss=1.2183675
err=0.3735119
elapsed_time_chunk=6.567448
