[results]
loss=1.698874
err=0.48593313
elapsed_time_chunk=7.029961
