[results]
loss=1.1195403
err=0.34724426
elapsed_time_chunk=5.944808
