[results]
loss=0.89714843
err=0.28613782
elapsed_time_chunk=6.396352
