[results]
loss=1.5330863
err=0.4467632
elapsed_time_chunk=6.387200
