[results]
loss=1.8380129
err=0.51317376
elapsed_time_chunk=6.542454
