[results]
loss=0.9254966
err=0.294125
elapsed_time_chunk=6.726072
