[results]
loss=1.804224
err=0.5045485
elapsed_time_chunk=6.223241
