[results]
loss=1.3673145
err=0.4107074
elapsed_time_chunk=5.989780
