[results]
loss=0.9206694
err=0.29296434
elapsed_time_chunk=6.874552
