[results]
loss=1.0103596
err=0.31682074
elapsed_time_chunk=6.304066
