[results]
loss=0.8999982
err=0.2855948
elapsed_time_chunk=6.265396
