[results]
loss=0.92387336
err=0.29263818
elapsed_time_chunk=5.745645
