[results]
loss=0.89215827
err=0.28418908
elapsed_time_chunk=5.913398
