[results]
loss=2.010162
err=0.54948664
elapsed_time_chunk=5.770400
