[results]
loss=1.5341353
err=0.44773614
elapsed_time_chunk=5.882511
