[results]
loss=1.1024556
err=0.34319863
elapsed_time_chunk=6.018419
