[results]
loss=1.2548317
err=0.38392225
elapsed_time_chunk=6.794069
