[results]
loss=2.1463337
err=0.57615745
elapsed_time_chunk=6.336782
