[results]
loss=1.4398355
err=0.42535415
elapsed_time_chunk=6.485624
