[results]
loss=0.95113015
err=0.30143082
elapsed_time_chunk=6.333923
