[results]
loss=1.4523154
err=0.42955428
elapsed_time_chunk=6.541897
