[results]
loss=1.8538069
err=0.5198641
elapsed_time_chunk=6.359550
