[results]
loss=1.3038937
err=0.39534736
elapsed_time_chunk=6.538871
