[results]
loss=1.5018619
err=0.44173914
elapsed_time_chunk=6.287318
