[results]
loss=0.90868556
err=0.28944704
elapsed_time_chunk=6.341353
