[results]
loss=1.596886
err=0.4629588
elapsed_time_chunk=6.533840
