[results]
loss=1.2284198
err=0.37367183
elapsed_time_chunk=6.242968
