[results]
loss=0.9655967
err=0.30568135
elapsed_time_chunk=5.804718
