[results]
loss=1.3207483
err=0.39817634
elapsed_time_chunk=6.330011
