[results]
loss=0.9372723
err=0.29846182
elapsed_time_chunk=5.808656
