[results]
loss=1.169575
err=0.35935685
elapsed_time_chunk=6.308063
