[results]
loss=1.3000327
err=0.3932143
elapsed_time_chunk=6.536868
