[results]
loss=2.3295398
err=0.6096107
elapsed_time_chunk=6.388499
