[results]
loss=1.2849174
err=0.38954347
elapsed_time_chunk=6.950731
