[results]
loss=1.6742338
err=0.4798749
elapsed_time_chunk=6.466530
