[results]
loss=1.0931726
err=0.3404371
elapsed_time_chunk=6.601710
