[results]
loss=1.0658504
err=0.33394837
elapsed_time_chunk=6.603043
