[results]
loss=0.9194825
err=0.29097533
elapsed_time_chunk=6.728975
