[results]
loss=0.8930117
err=0.28542846
elapsed_time_chunk=6.680929
