[results]
loss=0.8922252
err=0.2841959
elapsed_time_chunk=6.252466
