[results]
loss=0.91745853
err=0.2917332
elapsed_time_chunk=6.289324
