[results]
loss=1.2739668
err=0.38579977
elapsed_time_chunk=6.511786
