[results]
loss=0.8988007
err=0.28723988
elapsed_time_chunk=6.331728
