[results]
loss=1.698982
err=0.48375
elapsed_time_chunk=6.918599
