[results]
loss=0.99056655
err=0.31234968
elapsed_time_chunk=6.550917
