[results]
loss=1.5215783
err=0.44434097
elapsed_time_chunk=6.381171
