[results]
loss=0.9162092
err=0.29120868
elapsed_time_chunk=6.501605
