[results]
loss=1.0391607
err=0.32606608
elapsed_time_chunk=6.348768
