[results]
loss=0.90661585
err=0.2898157
elapsed_time_chunk=6.624147
