[results]
loss=0.8965238
err=0.28630278
elapsed_time_chunk=6.611250
