[results]
loss=1.7280719
err=0.49108964
elapsed_time_chunk=6.124228
