[results]
loss=1.5981112
err=0.46037504
elapsed_time_chunk=6.008870
