[results]
loss=1.0210234
err=0.31945527
elapsed_time_chunk=5.934142
