[results]
loss=1.2920839
err=0.3916005
elapsed_time_chunk=6.484512
