[results]
loss=1.4086335
err=0.41880137
elapsed_time_chunk=6.432881
