[results]
loss=0.8946643
err=0.2848441
elapsed_time_chunk=6.613617
