[results]
loss=1.3883709
err=0.4121105
elapsed_time_chunk=6.296754
