[results]
loss=1.001086
err=0.31493786
elapsed_time_chunk=6.520218
