[results]
loss=1.0734088
err=0.3348016
elapsed_time_chunk=6.455871
