[results]
loss=1.5771173
err=0.45655242
elapsed_time_chunk=6.329827
