[results]
loss=0.9724889
err=0.30675355
elapsed_time_chunk=6.577255
