[results]
loss=0.92806774
err=0.29480803
elapsed_time_chunk=6.343522
