[results]
loss=1.3428025
err=0.40321055
elapsed_time_chunk=6.878387
