[results]
loss=0.91145676
err=0.2905223
elapsed_time_chunk=6.704463
