[results]
loss=2.464213
err=0.63279456
elapsed_time_chunk=6.301756
