[results]
loss=1.6904125
err=0.48276383
elapsed_time_chunk=5.976599
