[results]
loss=1.3587985
err=0.40732682
elapsed_time_chunk=6.777999
