[results]
loss=1.0938522
err=0.3404447
elapsed_time_chunk=6.430591
