[results]
loss=0.9422792
err=0.29912183
elapsed_time_chunk=6.519090
