[results]
loss=0.89165574
err=0.2837224
elapsed_time_chunk=6.497794
