[results]
loss=0.908373
err=0.28918284
elapsed_time_chunk=6.078759
