[results]
loss=2.1192899
err=0.56938416
elapsed_time_chunk=6.746996
