[results]
loss=1.5887595
err=0.46181202
elapsed_time_chunk=6.499465
