[results]
loss=1.0077128
err=0.31737065
elapsed_time_chunk=6.419369
