[results]
loss=1.2858349
err=0.39021984
elapsed_time_chunk=6.183051
