[results]
loss=1.4258105
err=0.42252126
elapsed_time_chunk=5.870705
