[results]
loss=1.3850222
err=0.41370007
elapsed_time_chunk=6.463526
