[results]
loss=2.047634
err=0.55705124
elapsed_time_chunk=6.412425
