[results]
loss=1.859758
err=0.5185664
elapsed_time_chunk=6.347190
