[results]
loss=1.22692
err=0.37573713
elapsed_time_chunk=5.946569
