[results]
loss=0.8754978
err=0.27967045
elapsed_time_chunk=6.550072
