[results]
loss=0.90528566
err=0.28820577
elapsed_time_chunk=6.791704
