[results]
loss=1.463094
err=0.43179393
elapsed_time_chunk=5.846754
