[results]
loss=0.89982885
err=0.2870629
elapsed_time_chunk=6.606846
