[results]
loss=0.8825049
err=0.28205803
elapsed_time_chunk=6.573810
