[results]
loss=0.9628682
err=0.30466467
elapsed_time_chunk=6.081241
