[results]
loss=1.441413
err=0.42822713
elapsed_time_chunk=6.780743
