[results]
loss=1.34971
err=0.40447745
elapsed_time_chunk=6.642232
