[results]
loss=2.64837
err=0.6621309
elapsed_time_chunk=7.056102
