[results]
loss=0.95911855
err=0.30297416
elapsed_time_chunk=6.267493
