[results]
loss=1.6011634
err=0.4641508
elapsed_time_chunk=6.825399
