[results]
loss=0.9870951
err=0.30923688
elapsed_time_chunk=7.952767
