[results]
loss=1.8498462
err=0.5169939
elapsed_time_chunk=6.226606
