[results]
loss=1.2396713
err=0.378232
elapsed_time_chunk=6.300128
