[results]
loss=0.9060666
err=0.28999862
elapsed_time_chunk=6.492501
