[results]
loss=1.1237935
err=0.34864226
elapsed_time_chunk=6.431114
