[results]
loss=0.95980996
err=0.3034011
elapsed_time_chunk=6.405929
