[results]
loss=0.9695084
err=0.30632764
elapsed_time_chunk=6.565933
