[results]
loss=1.1844819
err=0.3658029
elapsed_time_chunk=6.493806
