[results]
loss=2.037396
err=0.552749
elapsed_time_chunk=6.252700
