[results]
loss=0.9434556
err=0.298417
elapsed_time_chunk=6.440765
