[results]
loss=0.89619315
err=0.2842132
elapsed_time_chunk=5.842321
