[results]
loss=1.0851076
err=0.33764637
elapsed_time_chunk=6.904771
