[results]
loss=3.1698265
err=0.7316103
elapsed_time_chunk=6.117705
