[results]
loss=1.0123203
err=0.31676418
elapsed_time_chunk=6.020924
