[results]
loss=2.338462
err=0.611934
elapsed_time_chunk=6.145783
