[results]
loss=2.360009
err=0.6155725
elapsed_time_chunk=6.715153
