[results]
loss=2.2854097
err=0.6013273
elapsed_time_chunk=6.044263
