[results]
loss=2.2107408
err=0.58525246
elapsed_time_chunk=6.087167
