[results]
loss=2.7999783
err=0.6876205
elapsed_time_chunk=6.312985
