[results]
loss=2.2203777
err=0.588434
elapsed_time_chunk=6.262761
