[results]
loss=2.3054254
err=0.60577303
elapsed_time_chunk=6.295661
