[results]
loss=2.406482
err=0.6229235
elapsed_time_chunk=5.572491
