[results]
loss=2.2315419
err=0.58926505
elapsed_time_chunk=6.383095
