[results]
loss=2.4891953
err=0.6379866
elapsed_time_chunk=6.481848
