[results]
loss=2.4694543
err=0.63409144
elapsed_time_chunk=6.069896
