[results]
loss=2.5396328
err=0.6469833
elapsed_time_chunk=6.111886
