[results]
loss=2.3372724
err=0.6115855
elapsed_time_chunk=6.196317
