[results]
loss=2.3582678
err=0.61500955
elapsed_time_chunk=6.068360
