[results]
loss=2.374419
err=0.6171875
elapsed_time_chunk=7.087597
