[results]
loss=2.197427
err=0.582442
elapsed_time_chunk=6.261426
