[results]
loss=2.4385846
err=0.62833095
elapsed_time_chunk=6.436651
