[results]
loss=2.3268752
err=0.6081111
elapsed_time_chunk=6.773207
