[results]
loss=2.652878
err=0.66840816
elapsed_time_chunk=6.216672
