[results]
loss=2.3429065
err=0.6121719
elapsed_time_chunk=6.440338
