[results]
loss=2.4688377
err=0.6350994
elapsed_time_chunk=5.490742
