[results]
loss=2.2239265
err=0.58837664
elapsed_time_chunk=6.459025
