[results]
loss=2.454234
err=0.63165414
elapsed_time_chunk=6.154180
