[results]
loss=2.3866735
err=0.6214403
elapsed_time_chunk=6.358249
