[results]
loss=2.2170327
err=0.5873788
elapsed_time_chunk=6.359624
