[results]
loss=2.4673417
err=0.6355647
elapsed_time_chunk=6.225461
