[results]
loss=4.614094
err=0.86700463
elapsed_time_chunk=6.268121
