[results]
loss=2.4480393
err=0.6305139
elapsed_time_chunk=6.109899
