[results]
loss=2.7033582
err=0.674541
elapsed_time_chunk=6.295502
