[results]
loss=2.8200145
err=0.6943376
elapsed_time_chunk=6.104266
