[results]
loss=2.3444035
err=0.6148207
elapsed_time_chunk=6.153467
