[results]
loss=3.5222824
err=0.78772694
elapsed_time_chunk=5.718125
