[results]
loss=2.2674623
err=0.5965316
elapsed_time_chunk=5.743637
