[results]
loss=3.720942
err=0.8077003
elapsed_time_chunk=6.213458
