[results]
loss=2.5820599
err=0.6528837
elapsed_time_chunk=6.493214
