[results]
loss=2.3046691
err=0.60657096
elapsed_time_chunk=6.272721
