[results]
loss=2.3652844
err=0.6142088
elapsed_time_chunk=6.441514
