[results]
loss=2.1844141
err=0.5795385
elapsed_time_chunk=6.297868
