[results]
loss=2.338144
err=0.6100813
elapsed_time_chunk=5.690915
