[results]
loss=2.426177
err=0.62815243
elapsed_time_chunk=6.217641
