[results]
loss=2.277411
err=0.59830356
elapsed_time_chunk=6.095210
