[results]
loss=2.2906337
err=0.6011973
elapsed_time_chunk=5.712137
