[results]
loss=2.721911
err=0.67672753
elapsed_time_chunk=6.237046
