[results]
loss=2.8204587
err=0.6922446
elapsed_time_chunk=6.199014
