[results]
loss=2.3261046
err=0.6095893
elapsed_time_chunk=6.506667
