[results]
loss=2.2153392
err=0.5864839
elapsed_time_chunk=5.640529
