[results]
loss=4.0183187
err=0.83145905
elapsed_time_chunk=6.056331
