[results]
loss=3.1694713
err=0.7449562
elapsed_time_chunk=6.147678
