[results]
loss=2.505828
err=0.6417806
elapsed_time_chunk=6.506951
