[results]
loss=2.225297
err=0.59088886
elapsed_time_chunk=6.152215
