[results]
loss=2.479407
err=0.6380853
elapsed_time_chunk=6.375563
