[results]
loss=2.6263814
err=0.66203725
elapsed_time_chunk=6.143548
