[results]
loss=2.2344708
err=0.5901936
elapsed_time_chunk=5.561069
