[results]
loss=2.2783525
err=0.601576
elapsed_time_chunk=6.019330
