[results]
loss=2.649127
err=0.66423106
elapsed_time_chunk=6.447587
