[results]
loss=2.4231172
err=0.6269363
elapsed_time_chunk=6.510002
