[results]
loss=2.524323
err=0.64233106
elapsed_time_chunk=6.195839
