[results]
loss=2.762826
err=0.68431306
elapsed_time_chunk=5.705136
