[results]
loss=2.2307606
err=0.59107554
elapsed_time_chunk=6.806519
