[results]
loss=2.4274988
err=0.6269148
elapsed_time_chunk=6.213331
