[results]
loss=2.37136
err=0.6158751
elapsed_time_chunk=5.809237
