[results]
loss=2.4958804
err=0.6374743
elapsed_time_chunk=6.099050
