[results]
loss=2.3983662
err=0.62202317
elapsed_time_chunk=6.025573
