[results]
loss=3.108268
err=0.7364706
elapsed_time_chunk=5.720531
