[results]
loss=2.6353834
err=0.66160905
elapsed_time_chunk=6.124899
