[results]
loss=3.1899989
err=0.74753827
elapsed_time_chunk=6.097861
