[results]
loss=2.5620563
err=0.65142256
elapsed_time_chunk=6.245106
