[results]
loss=2.6253953
err=0.66117275
elapsed_time_chunk=6.422351
