[results]
loss=2.3047676
err=0.60502297
elapsed_time_chunk=6.351526
