[results]
loss=5.7211432
err=0.9074905
elapsed_time_chunk=6.567003
