[results]
loss=2.5086725
err=0.64289445
elapsed_time_chunk=6.165190
