[results]
loss=2.7423067
err=0.68017524
elapsed_time_chunk=6.552827
