[results]
loss=2.3190804
err=0.6082106
elapsed_time_chunk=6.041684
