[results]
loss=2.3881223
err=0.6201656
elapsed_time_chunk=6.106128
