[results]
loss=2.3510768
err=0.61321795
elapsed_time_chunk=6.286017
