[results]
loss=2.511936
err=0.6431016
elapsed_time_chunk=6.259757
