[results]
loss=2.3501112
err=0.61203665
elapsed_time_chunk=6.346613
