[results]
loss=2.6959355
err=0.67200917
elapsed_time_chunk=6.044587
