[results]
loss=2.5857236
err=0.6547509
elapsed_time_chunk=6.407393
