[results]
loss=2.3424506
err=0.6124991
elapsed_time_chunk=5.588782
