[results]
loss=2.3087308
err=0.60653573
elapsed_time_chunk=6.362645
