[results]
loss=2.2096767
err=0.58656573
elapsed_time_chunk=6.135576
