[results]
loss=2.2412877
err=0.59171116
elapsed_time_chunk=6.420795
