[results]
loss=2.8782804
err=0.7000282
elapsed_time_chunk=5.678411
