[results]
loss=3.0161805
err=0.7245227
elapsed_time_chunk=6.435201
