[results]
loss=2.340421
err=0.61269766
elapsed_time_chunk=6.197227
