[results]
loss=2.3200748
err=0.60758823
elapsed_time_chunk=6.190699
