[results]
loss=2.3836915
err=0.62186694
elapsed_time_chunk=6.070500
