[results]
loss=2.3633819
err=0.61475277
elapsed_time_chunk=5.688601
