[results]
loss=2.5027006
err=0.63968456
elapsed_time_chunk=5.673244
