[results]
loss=2.9188268
err=0.7086797
elapsed_time_chunk=6.166154
