[results]
loss=3.276117
err=0.7577512
elapsed_time_chunk=6.285402
