[results]
loss=2.2084026
err=0.5824558
elapsed_time_chunk=5.545069
