[results]
loss=2.23882
err=0.59107554
elapsed_time_chunk=6.623624
