[results]
loss=2.2657397
err=0.5941378
elapsed_time_chunk=6.207463
