[results]
loss=2.9667795
err=0.7176771
elapsed_time_chunk=6.264752
