[results]
loss=2.5520978
err=0.64799786
elapsed_time_chunk=5.725539
