[results]
loss=2.4056273
err=0.62211335
elapsed_time_chunk=5.648763
