[results]
loss=2.2372942
err=0.5908515
elapsed_time_chunk=6.640564
