[results]
loss=2.5728188
err=0.65363383
elapsed_time_chunk=6.203653
