[results]
loss=2.484978
err=0.6367078
elapsed_time_chunk=6.095022
