[results]
loss=2.9990337
err=0.72122794
elapsed_time_chunk=6.052013
