[results]
loss=2.237868
err=0.5912638
elapsed_time_chunk=6.413498
