[results]
loss=2.384453
err=0.61911947
elapsed_time_chunk=6.591924
