[results]
loss=2.4529736
err=0.62946993
elapsed_time_chunk=5.683320
