[results]
loss=2.8297794
err=0.69401926
elapsed_time_chunk=6.449971
