[results]
loss=2.336237
err=0.6120044
elapsed_time_chunk=6.419010
