[results]
loss=2.4221027
err=0.628027
elapsed_time_chunk=6.276668
