[results]
loss=2.2187595
err=0.58858556
elapsed_time_chunk=6.368444
