[results]
loss=3.3631728
err=0.76871806
elapsed_time_chunk=6.390313
