[results]
loss=2.376831
err=0.6178769
elapsed_time_chunk=6.274187
