[results]
loss=2.678226
err=0.66849136
elapsed_time_chunk=5.669216
