[results]
loss=2.2617617
err=0.59448314
elapsed_time_chunk=5.599642
