[results]
loss=2.3038323
err=0.60503817
elapsed_time_chunk=6.521770
