[results]
loss=2.2316146
err=0.5904824
elapsed_time_chunk=6.157522
