[results]
loss=2.5970197
err=0.6551022
elapsed_time_chunk=6.368288
