[results]
loss=2.404294
err=0.6239124
elapsed_time_chunk=6.425376
