[results]
loss=2.5765202
err=0.6541435
elapsed_time_chunk=5.827411
