[results]
loss=2.4070024
err=0.6217173
elapsed_time_chunk=5.829312
