[results]
loss=2.2362733
err=0.59206766
elapsed_time_chunk=6.940470
