[results]
loss=1.0926468
err=0.338965
elapsed_time_chunk=6.552162
