[results]
loss=0.96830666
err=0.3046569
elapsed_time_chunk=6.116327
