[results]
loss=1.0751988
err=0.33195856
elapsed_time_chunk=6.382995
