[results]
loss=1.2359909
err=0.37560773
elapsed_time_chunk=5.671629
