[results]
loss=1.5751392
err=0.45450026
elapsed_time_chunk=6.131820
