[results]
loss=1.3432724
err=0.4040319
elapsed_time_chunk=5.980208
