[results]
loss=1.0580686
err=0.3290704
elapsed_time_chunk=6.193312
