[results]
loss=1.1975777
err=0.36560026
elapsed_time_chunk=6.201246
