[results]
loss=1.0753471
err=0.33267495
elapsed_time_chunk=6.409831
