[results]
loss=1.448751
err=0.42909846
elapsed_time_chunk=6.150500
