[results]
loss=1.90643
err=0.52646357
elapsed_time_chunk=6.008091
