[results]
loss=1.5076466
err=0.44123676
elapsed_time_chunk=6.698720
