[results]
loss=2.594806
err=0.64851385
elapsed_time_chunk=6.001007
