[results]
loss=1.3328139
err=0.4007092
elapsed_time_chunk=6.161866
