[results]
loss=1.1841744
err=0.36314443
elapsed_time_chunk=5.750509
