[results]
loss=1.173752
err=0.36115518
elapsed_time_chunk=5.569577
