[results]
loss=0.9572415
err=0.3015915
elapsed_time_chunk=6.341670
