[results]
loss=1.434877
err=0.42431954
elapsed_time_chunk=5.948989
