[results]
loss=0.9618586
err=0.3035058
elapsed_time_chunk=6.307850
