[results]
loss=1.0615485
err=0.3310976
elapsed_time_chunk=5.606147
