[results]
loss=2.080207
err=0.56029224
elapsed_time_chunk=6.097131
