[results]
loss=1.2700322
err=0.38409147
elapsed_time_chunk=6.578873
