[results]
loss=0.99816376
err=0.3139598
elapsed_time_chunk=6.267462
