[results]
loss=0.98536056
err=0.3105158
elapsed_time_chunk=6.069516
