[results]
loss=1.766644
err=0.49893403
elapsed_time_chunk=6.045751
