[results]
loss=1.4709395
err=0.4332574
elapsed_time_chunk=5.676692
