[results]
loss=1.1932539
err=0.36627418
elapsed_time_chunk=5.957436
