[results]
loss=1.0543536
err=0.33001202
elapsed_time_chunk=6.014724
