[results]
loss=0.98397225
err=0.30736285
elapsed_time_chunk=6.480761
