[results]
loss=1.0747799
err=0.33313507
elapsed_time_chunk=6.400048
