[results]
loss=1.8743405
err=0.5199158
elapsed_time_chunk=6.385500
