[results]
loss=1.1621319
err=0.35666278
elapsed_time_chunk=6.508959
