[results]
loss=0.9591531
err=0.30123731
elapsed_time_chunk=7.577232
