[results]
loss=2.0498366
err=0.5562985
elapsed_time_chunk=5.608371
