[results]
loss=1.3600653
err=0.4067363
elapsed_time_chunk=6.372841
