[results]
loss=1.1447475
err=0.35289702
elapsed_time_chunk=6.058950
