[results]
loss=1.0116321
err=0.31685963
elapsed_time_chunk=6.051380
