[results]
loss=1.1300541
err=0.34777215
elapsed_time_chunk=6.393943
