[results]
loss=1.0610025
err=0.3311757
elapsed_time_chunk=6.054258
