[results]
loss=1.3830458
err=0.41345462
elapsed_time_chunk=6.009494
