[results]
loss=1.0241942
err=0.3202384
elapsed_time_chunk=5.846007
