[results]
loss=1.0390798
err=0.32498428
elapsed_time_chunk=6.478737
