[results]
loss=0.97502774
err=0.3064509
elapsed_time_chunk=6.078308
