[results]
loss=0.96979016
err=0.3069203
elapsed_time_chunk=6.170261
