[results]
loss=1.179772
err=0.3617833
elapsed_time_chunk=6.387186
