[results]
loss=1.5446379
err=0.449818
elapsed_time_chunk=6.102746
