[results]
loss=1.3986897
err=0.4168764
elapsed_time_chunk=6.125754
