[results]
loss=0.9916727
err=0.31103125
elapsed_time_chunk=6.078651
