[results]
loss=1.091711
err=0.33879519
elapsed_time_chunk=6.043353
