[results]
loss=1.2213984
err=0.3725771
elapsed_time_chunk=6.426249
