[results]
loss=0.9525319
err=0.301173
elapsed_time_chunk=6.109686
