[results]
loss=0.9498271
err=0.29837555
elapsed_time_chunk=6.061287
