[results]
loss=0.97451156
err=0.3055018
elapsed_time_chunk=6.029958
