[results]
loss=1.8386425
err=0.51299006
elapsed_time_chunk=5.898628
