[results]
loss=1.4963732
err=0.43848655
elapsed_time_chunk=5.521921
