[results]
loss=1.034818
err=0.3235133
elapsed_time_chunk=6.152116
