[results]
loss=1.126023
err=0.34771204
elapsed_time_chunk=6.689012
