[results]
loss=0.9621622
err=0.30274895
elapsed_time_chunk=6.062027
