[results]
loss=1.1930574
err=0.36498514
elapsed_time_chunk=5.919588
