[results]
loss=2.0933933
err=0.5634215
elapsed_time_chunk=6.034490
