[results]
loss=1.0621963
err=0.32832804
elapsed_time_chunk=6.403043
