[results]
loss=2.1278481
err=0.5685804
elapsed_time_chunk=6.277204
