[results]
loss=1.532103
err=0.447512
elapsed_time_chunk=6.285672
