[results]
loss=1.3940614
err=0.41372788
elapsed_time_chunk=6.549619
