[results]
loss=1.9789582
err=0.53885084
elapsed_time_chunk=6.520056
