[results]
loss=1.619732
err=0.4653187
elapsed_time_chunk=6.060894
