[results]
loss=1.5172254
err=0.4428329
elapsed_time_chunk=6.034707
