[results]
loss=1.4922501
err=0.43664148
elapsed_time_chunk=6.551820
