[results]
loss=1.1368572
err=0.34859338
elapsed_time_chunk=6.246428
