[results]
loss=1.0260762
err=0.3190466
elapsed_time_chunk=6.109528
