[results]
loss=1.3970554
err=0.41512945
elapsed_time_chunk=6.318228
