[results]
loss=1.6877712
err=0.47944012
elapsed_time_chunk=6.799159
