[results]
loss=1.1454637
err=0.35201323
elapsed_time_chunk=5.929621
