[results]
loss=1.057502
err=0.3267455
elapsed_time_chunk=5.769111
