[results]
loss=1.0472493
err=0.32439187
elapsed_time_chunk=6.535121
