[results]
loss=1.147718
err=0.3526939
elapsed_time_chunk=6.583415
