[results]
loss=2.3806074
err=0.61093485
elapsed_time_chunk=6.491828
