[results]
loss=1.0874839
err=0.3357229
elapsed_time_chunk=6.217220
