[results]
loss=4.2371817
err=0.8074923
elapsed_time_chunk=6.569373
