[results]
loss=1.1966994
err=0.36506647
elapsed_time_chunk=6.365365
