[results]
loss=1.0678352
err=0.3314394
elapsed_time_chunk=6.469854
