[results]
loss=1.2523212
err=0.37899354
elapsed_time_chunk=6.177926
