[results]
loss=0.99961305
err=0.31209165
elapsed_time_chunk=6.290119
