[results]
loss=2.1950965
err=0.5791711
elapsed_time_chunk=6.745461
