[results]
loss=1.350486
err=0.40373427
elapsed_time_chunk=6.419561
