[results]
loss=1.0993733
err=0.33933556
elapsed_time_chunk=6.497446
