[results]
loss=1.7993695
err=0.5032874
elapsed_time_chunk=6.550042
