[results]
loss=1.0754446
err=0.33139172
elapsed_time_chunk=6.227674
