[results]
loss=1.2250737
err=0.37067336
elapsed_time_chunk=6.052415
