[results]
loss=1.9624022
err=0.5374291
elapsed_time_chunk=6.667251
