[results]
loss=1.1162263
err=0.3438748
elapsed_time_chunk=5.823566
