[results]
loss=1.029924
err=0.3207003
elapsed_time_chunk=5.950984
