[results]
loss=1.050049
err=0.32497767
elapsed_time_chunk=6.524458
