[results]
loss=1.0289788
err=0.31964448
elapsed_time_chunk=6.407860
