[results]
loss=1.1296525
err=0.34706548
elapsed_time_chunk=6.586393
