[results]
loss=1.2240276
err=0.37169525
elapsed_time_chunk=6.035058
