[results]
loss=1.6241395
err=0.46495688
elapsed_time_chunk=6.413897
