[results]
loss=1.0334499
err=0.3220972
elapsed_time_chunk=6.371440
