[results]
loss=1.177343
err=0.35997736
elapsed_time_chunk=6.409831
