[results]
loss=1.6887466
err=0.47956526
elapsed_time_chunk=5.830941
