[results]
loss=1.1107547
err=0.3413846
elapsed_time_chunk=6.895513
