[results]
loss=1.0273154
err=0.3205638
elapsed_time_chunk=6.241091
