[results]
loss=1.0512971
err=0.32546204
elapsed_time_chunk=6.349443
