[results]
loss=1.0280104
err=0.31984952
elapsed_time_chunk=6.334643
