[results]
loss=1.2344593
err=0.37539
elapsed_time_chunk=6.514037
