[results]
loss=1.0180861
err=0.31791472
elapsed_time_chunk=6.591238
