[results]
loss=1.0391395
err=0.32340467
elapsed_time_chunk=5.854048
