[results]
loss=1.0305634
err=0.3216005
elapsed_time_chunk=6.465192
