[results]
loss=1.3708065
err=0.40908813
elapsed_time_chunk=6.453420
