[results]
loss=1.1629915
err=0.35595423
elapsed_time_chunk=6.182171
