[results]
loss=1.0255228
err=0.31837845
elapsed_time_chunk=6.381329
