[results]
loss=1.0275358
err=0.32039595
elapsed_time_chunk=6.710645
