[results]
loss=1.0353462
err=0.3223581
elapsed_time_chunk=5.903288
