[results]
loss=1.1470785
err=0.35107645
elapsed_time_chunk=6.156525
