[results]
loss=1.1249232
err=0.34737754
elapsed_time_chunk=6.470961
