[results]
loss=1.5413514
err=0.4462735
elapsed_time_chunk=6.394011
