[results]
loss=1.7792013
err=0.4986013
elapsed_time_chunk=6.033812
