[results]
loss=1.396199
err=0.41644156
elapsed_time_chunk=6.345521
