[results]
loss=1.0290196
err=0.31956333
elapsed_time_chunk=6.269049
