[results]
loss=1.3729261
err=0.40958372
elapsed_time_chunk=5.848712
