[results]
loss=1.170653
err=0.3582189
elapsed_time_chunk=5.940614
