[results]
loss=1.6136471
err=0.4640222
elapsed_time_chunk=6.343756
