[results]
loss=1.4786146
err=0.4349227
elapsed_time_chunk=6.164849
