[results]
loss=1.0851129
err=0.3332335
elapsed_time_chunk=6.455983
