[results]
loss=1.507106
err=0.4412158
elapsed_time_chunk=6.467225
