[results]
loss=1.0467567
err=0.32457346
elapsed_time_chunk=6.564620
