[results]
loss=1.600715
err=0.46164772
elapsed_time_chunk=6.520941
