[results]
loss=1.094837
err=0.3394211
elapsed_time_chunk=7.053650
