[results]
loss=1.4558305
err=0.4279504
elapsed_time_chunk=6.777293
