[results]
loss=1.0342628
err=0.3211518
elapsed_time_chunk=6.664407
