[results]
loss=1.4551373
err=0.42893952
elapsed_time_chunk=5.936722
