[results]
loss=1.9774376
err=0.53834945
elapsed_time_chunk=6.665749
