[results]
loss=1.0406092
err=0.32340676
elapsed_time_chunk=6.291460
