[results]
loss=1.2556177
err=0.38011992
elapsed_time_chunk=6.614048
