[results]
loss=1.1344937
err=0.34788162
elapsed_time_chunk=5.818261
