[results]
loss=1.5639179
err=0.45351586
elapsed_time_chunk=6.219246
