[results]
loss=1.789851
err=0.5010118
elapsed_time_chunk=6.412504
