[results]
loss=1.0882838
err=0.3373457
elapsed_time_chunk=6.012791
