[results]
loss=1.0541993
err=0.3268681
elapsed_time_chunk=6.717420
