[results]
loss=1.8215891
err=0.5086279
elapsed_time_chunk=6.250125
