[results]
loss=1.892976
err=0.51932013
elapsed_time_chunk=5.972062
