[results]
loss=1.5496855
err=0.45003644
elapsed_time_chunk=6.003467
