[results]
loss=1.3742142
err=0.4098507
elapsed_time_chunk=6.567232
