[results]
loss=1.42003
err=0.42026746
elapsed_time_chunk=6.451312
