[results]
loss=1.0970942
err=0.33826292
elapsed_time_chunk=6.647896
