[results]
loss=1.2297474
err=0.37352207
elapsed_time_chunk=6.378404
