[results]
loss=1.3854057
err=0.41360554
elapsed_time_chunk=6.564467
