[results]
loss=1.0299981
err=0.3200425
elapsed_time_chunk=6.248321
