[results]
loss=1.0527235
err=0.32620448
elapsed_time_chunk=5.854681
