[results]
loss=1.2689737
err=0.38358286
elapsed_time_chunk=6.342109
