[results]
loss=1.6882141
err=0.4809003
elapsed_time_chunk=6.262012
