[results]
loss=1.0547366
err=0.32793748
elapsed_time_chunk=6.820311
