[results]
loss=5.6240177
err=0.88499
elapsed_time_chunk=6.374942
