[results]
loss=1.0195347
err=0.31788436
elapsed_time_chunk=6.987052
