[results]
loss=1.330218
err=0.39879525
elapsed_time_chunk=7.269978
