[results]
loss=1.1327755
err=0.34683448
elapsed_time_chunk=6.244245
