[results]
loss=1.5569694
err=0.4527991
elapsed_time_chunk=6.815761
