[results]
loss=1.1105739
err=0.3420916
elapsed_time_chunk=6.583807
