[results]
loss=1.9360585
err=0.52966684
elapsed_time_chunk=6.650912
