[results]
loss=3.3578281
err=0.7309098
elapsed_time_chunk=6.295360
