[results]
loss=1.017105
err=0.31657413
elapsed_time_chunk=6.520120
