[results]
loss=2.2954645
err=0.59482294
elapsed_time_chunk=6.423025
