[results]
loss=1.4408643
err=0.42394444
elapsed_time_chunk=6.547769
