[results]
loss=1.0295615
err=0.31996387
elapsed_time_chunk=6.302020
