[results]
loss=1.019588
err=0.3179577
elapsed_time_chunk=6.370704
