[results]
loss=1.7988026
err=0.5027366
elapsed_time_chunk=6.280484
