[results]
loss=1.0301288
err=0.32118696
elapsed_time_chunk=6.504090
