[results]
loss=1.307748
err=0.39414352
elapsed_time_chunk=6.389079
