[results]
loss=2.6098332
err=0.6438329
elapsed_time_chunk=5.971075
