[results]
loss=2.1658928
err=0.5730274
elapsed_time_chunk=6.844515
