[results]
loss=1.0855192
err=0.33480915
elapsed_time_chunk=6.180380
