[results]
loss=1.235041
err=0.37463367
elapsed_time_chunk=6.172091
