[results]
loss=1.6873121
err=0.48037905
elapsed_time_chunk=6.243308
