[results]
loss=1.0121442
err=0.31508034
elapsed_time_chunk=6.630593
