[results]
loss=1.692907
err=0.4822652
elapsed_time_chunk=6.422279
