[results]
loss=2.8982034
err=0.6818247
elapsed_time_chunk=6.141296
