[results]
loss=1.0455202
err=0.32288328
elapsed_time_chunk=7.034263
