[results]
loss=1.1183943
err=0.34426647
elapsed_time_chunk=6.442124
