[results]
loss=1.407856
err=0.41846493
elapsed_time_chunk=6.146315
