[results]
loss=1.4370513
err=0.42509007
elapsed_time_chunk=6.209798
