[results]
loss=1.2453959
err=0.37906763
elapsed_time_chunk=6.462507
