[results]
loss=0.8900923
err=0.2829409
elapsed_time_chunk=6.241634
