[results]
loss=0.89065266
err=0.28411826
elapsed_time_chunk=6.383822
