[results]
loss=2.441173
err=0.6287446
elapsed_time_chunk=10.330955
