[results]
loss=0.90548503
err=0.2887187
elapsed_time_chunk=6.386740
