[results]
loss=0.87698627
err=0.27991965
elapsed_time_chunk=6.429741
