[results]
loss=4.66636
err=0.8482413
elapsed_time_chunk=13.255477
