[results]
loss=1.3986865
err=0.41755688
elapsed_time_chunk=6.594680
