[results]
loss=1.2704425
err=0.38662422
elapsed_time_chunk=6.497735
