[results]
loss=1.4539205
err=0.42986128
elapsed_time_chunk=6.607485
