[results]
loss=1.3122522
err=0.3966603
elapsed_time_chunk=5.839608
