[results]
loss=0.929992
err=0.29431674
elapsed_time_chunk=6.341637
