[results]
loss=1.0425919
err=0.3277564
elapsed_time_chunk=6.354416
