[results]
loss=0.9501166
err=0.3012039
elapsed_time_chunk=6.330830
