[results]
loss=1.5871494
err=0.46042377
elapsed_time_chunk=10.822759
