[results]
loss=2.6060805
err=0.65743524
elapsed_time_chunk=8.779187
