[results]
loss=3.0673645
err=0.72383344
elapsed_time_chunk=14.433964
