[results]
loss=0.88573635
err=0.28345308
elapsed_time_chunk=6.769427
