[results]
loss=1.4866906
err=0.43926224
elapsed_time_chunk=6.515990
