[results]
loss=1.9957702
err=0.5467628
elapsed_time_chunk=14.798399
