[results]
loss=1.676749
err=0.479298
elapsed_time_chunk=8.943741
