[results]
loss=1.1409785
err=0.35279164
elapsed_time_chunk=6.400698
