[results]
loss=0.8868605
err=0.2833012
elapsed_time_chunk=6.487247
