[results]
loss=0.96762305
err=0.3068467
elapsed_time_chunk=7.021267
