[results]
loss=1.5192951
err=0.44384405
elapsed_time_chunk=6.741383
