[results]
loss=0.89478236
err=0.28513622
elapsed_time_chunk=6.275944
