[results]
loss=0.8947191
err=0.28716436
elapsed_time_chunk=6.208526
