[results]
loss=0.95986336
err=0.30419892
elapsed_time_chunk=6.263381
