[results]
loss=1.5813121
err=0.45893854
elapsed_time_chunk=11.809313
