[results]
loss=0.9907642
err=0.31187415
elapsed_time_chunk=6.481143
