[results]
loss=1.2722428
err=0.38772723
elapsed_time_chunk=5.949396
