[results]
loss=1.213898
err=0.36939663
elapsed_time_chunk=6.295470
