[results]
loss=1.0035201
err=0.3149915
elapsed_time_chunk=6.174533
