[results]
loss=1.6832354
err=0.4806136
elapsed_time_chunk=6.540118
