[results]
loss=1.2731019
err=0.3861633
elapsed_time_chunk=6.285579
