[results]
loss=1.4302242
err=0.42385498
elapsed_time_chunk=6.383375
