[results]
loss=1.0607963
err=0.3312527
elapsed_time_chunk=6.382491
