[results]
loss=1.6619065
err=0.47730592
elapsed_time_chunk=7.692173
