[results]
loss=0.89456034
err=0.28571045
elapsed_time_chunk=5.851943
