[results]
loss=0.9049235
err=0.28846532
elapsed_time_chunk=5.879103
