[results]
loss=1.0797216
err=0.3356989
elapsed_time_chunk=6.523211
