[results]
loss=1.8330281
err=0.51393193
elapsed_time_chunk=16.673191
