[results]
loss=0.9609104
err=0.30499503
elapsed_time_chunk=5.962773
