[results]
loss=1.8252977
err=0.5111588
elapsed_time_chunk=9.055328
