[results]
loss=0.9046382
err=0.29031038
elapsed_time_chunk=6.269624
