[results]
loss=0.9412668
err=0.29749894
elapsed_time_chunk=6.484795
