[results]
loss=1.1353062
err=0.35142818
elapsed_time_chunk=6.549750
