[results]
loss=2.0222857
err=0.5499399
elapsed_time_chunk=13.344668
