[results]
loss=1.0156137
err=0.3199325
elapsed_time_chunk=5.960382
