[results]
loss=0.90494245
err=0.28821874
elapsed_time_chunk=6.424887
