[results]
loss=0.9005576
err=0.28788683
elapsed_time_chunk=6.819879
