[results]
loss=0.86997527
err=0.27849478
elapsed_time_chunk=6.315519
