[results]
loss=1.2643888
err=0.38442677
elapsed_time_chunk=6.713559
