[results]
loss=0.93149483
err=0.29679114
elapsed_time_chunk=6.495341
