[results]
loss=0.96145093
err=0.3031981
elapsed_time_chunk=6.354035
