[results]
loss=0.8879467
err=0.28428015
elapsed_time_chunk=6.517929
