[results]
loss=1.0060667
err=0.31821117
elapsed_time_chunk=6.506572
