[results]
loss=0.8964159
err=0.2868931
elapsed_time_chunk=6.560962
