[results]
loss=0.89736754
err=0.28564286
elapsed_time_chunk=6.676227
