[results]
loss=1.0084211
err=0.31625426
elapsed_time_chunk=6.866843
