[results]
loss=1.4430583
err=0.42705375
elapsed_time_chunk=10.393880
