[results]
loss=0.9557109
err=0.30406845
elapsed_time_chunk=6.054193
