[results]
loss=0.9903356
err=0.31308362
elapsed_time_chunk=6.492444
