[results]
loss=1.586934
err=0.4609419
elapsed_time_chunk=9.264907
