[results]
loss=0.91001135
err=0.2897764
elapsed_time_chunk=6.661077
