[results]
loss=0.95922613
err=0.30375966
elapsed_time_chunk=6.348733
