[results]
loss=0.9660925
err=0.30577418
elapsed_time_chunk=6.448086
