[results]
loss=0.9439621
err=0.2977998
elapsed_time_chunk=6.434094
