[results]
loss=1.3718573
err=0.40926385
elapsed_time_chunk=6.590665
