[results]
loss=1.2028463
err=0.36949584
elapsed_time_chunk=6.409992
