[results]
loss=1.4272577
err=0.42243114
elapsed_time_chunk=6.524295
