[results]
loss=0.9141174
err=0.2899601
elapsed_time_chunk=6.499876
