[results]
loss=1.3517812
err=0.40569448
elapsed_time_chunk=6.012655
