[results]
loss=0.9374927
err=0.29813913
elapsed_time_chunk=6.245140
