[results]
loss=1.1216375
err=0.34772688
elapsed_time_chunk=5.982831
