[results]
loss=1.0070792
err=0.3166752
elapsed_time_chunk=7.263141
