[results]
loss=1.3757633
err=0.41313183
elapsed_time_chunk=6.661727
