[results]
loss=1.0459166
err=0.32736018
elapsed_time_chunk=5.843567
