[results]
loss=2.031254
err=0.55434024
elapsed_time_chunk=11.916562
