[results]
loss=0.9191041
err=0.29336557
elapsed_time_chunk=8.818160
