[results]
loss=1.286622
err=0.39073214
elapsed_time_chunk=6.687178
