[results]
loss=1.5206782
err=0.44405627
elapsed_time_chunk=12.746770
