[results]
loss=0.90291107
err=0.28922874
elapsed_time_chunk=7.189532
