[results]
loss=1.1148951
err=0.34515214
elapsed_time_chunk=6.843261
