[results]
loss=1.8440974
err=0.5145777
elapsed_time_chunk=15.213053
