[results]
loss=1.1585257
err=0.35661525
elapsed_time_chunk=6.558824
