[results]
loss=0.8909999
err=0.28354132
elapsed_time_chunk=6.064599
