[results]
loss=1.7872931
err=0.5015704
elapsed_time_chunk=11.085157
