[results]
loss=2.3112228
err=0.6064289
elapsed_time_chunk=13.201313
