[results]
loss=1.112028
err=0.34549946
elapsed_time_chunk=6.642166
