[results]
loss=1.3028249
err=0.3943354
elapsed_time_chunk=6.414805
