[results]
loss=0.8849208
err=0.283981
elapsed_time_chunk=6.227027
