[results]
loss=1.2799089
err=0.39133245
elapsed_time_chunk=6.909395
