[results]
loss=1.561051
err=0.45406944
elapsed_time_chunk=11.208100
