[results]
loss=1.332242
err=0.40210736
elapsed_time_chunk=6.224497
