[results]
loss=0.93548626
err=0.29684794
elapsed_time_chunk=6.170837
