[results]
loss=1.5747756
err=0.4577757
elapsed_time_chunk=8.991999
