[results]
loss=0.9281491
err=0.29616517
elapsed_time_chunk=6.751287
