[results]
loss=1.0192641
err=0.32102355
elapsed_time_chunk=6.223422
