[results]
loss=1.8379425
err=0.51551116
elapsed_time_chunk=17.332089
