[results]
loss=1.6825274
err=0.4797634
elapsed_time_chunk=12.514041
