[results]
loss=0.92220175
err=0.29373112
elapsed_time_chunk=6.139564
