[results]
loss=0.9126687
err=0.29179975
elapsed_time_chunk=6.052732
