[results]
loss=1.3398291
err=0.4032411
elapsed_time_chunk=6.417417
