[results]
loss=1.5069022
err=0.44241133
elapsed_time_chunk=6.311438
