[results]
loss=2.1274776
err=0.5741855
elapsed_time_chunk=12.700630
