[results]
loss=1.0231456
err=0.3212024
elapsed_time_chunk=6.469008
