[results]
loss=1.0129315
err=0.31733865
elapsed_time_chunk=5.935255
