[results]
loss=1.7111702
err=0.48631558
elapsed_time_chunk=8.178886
