[results]
loss=1.3453945
err=0.4043312
elapsed_time_chunk=6.324980
