[results]
loss=1.2946119
err=0.39385822
elapsed_time_chunk=6.466941
