[results]
loss=1.1088256
err=0.34348187
elapsed_time_chunk=6.222048
