[results]
loss=1.4442444
err=0.4268389
elapsed_time_chunk=5.931187
