[results]
loss=0.8934496
err=0.2860023
elapsed_time_chunk=6.600673
