[results]
loss=1.1120495
err=0.34467095
elapsed_time_chunk=5.980733
