[results]
loss=1.413293
err=0.42029226
elapsed_time_chunk=5.922492
