[results]
loss=2.1025734
err=0.5659421
elapsed_time_chunk=10.006031
