[results]
loss=0.92067575
err=0.29317293
elapsed_time_chunk=6.517954
