[results]
loss=0.9229828
err=0.2945491
elapsed_time_chunk=6.487145
