[results]
loss=0.90286267
err=0.28789505
elapsed_time_chunk=6.501325
