[results]
loss=2.5329442
err=0.6464523
elapsed_time_chunk=6.121925
