[results]
loss=2.7436755
err=0.68101996
elapsed_time_chunk=6.049000
