[results]
loss=2.5844212
err=0.654488
elapsed_time_chunk=6.404779
