[results]
loss=2.3669176
err=0.6143041
elapsed_time_chunk=6.125294
