[results]
loss=2.42728
err=0.6250972
elapsed_time_chunk=5.638495
