[results]
loss=2.767956
err=0.6862482
elapsed_time_chunk=6.213496
