[results]
loss=2.482909
err=0.6367031
elapsed_time_chunk=6.079129
