[results]
loss=2.7090445
err=0.67563003
elapsed_time_chunk=6.258699
