[results]
loss=2.4068315
err=0.62200826
elapsed_time_chunk=6.153611
