[results]
loss=2.339813
err=0.6076807
elapsed_time_chunk=6.249391
