[results]
loss=2.3110526
err=0.6017617
elapsed_time_chunk=6.126225
