[results]
loss=2.4160182
err=0.62528753
elapsed_time_chunk=6.557632
