[results]
loss=2.593385
err=0.6556885
elapsed_time_chunk=6.176724
