[results]
loss=2.3573177
err=0.6129039
elapsed_time_chunk=6.120375
