[results]
loss=2.6981683
err=0.6737173
elapsed_time_chunk=6.320373
