[results]
loss=2.387437
err=0.6162938
elapsed_time_chunk=5.782525
