[results]
loss=2.7961028
err=0.6874912
elapsed_time_chunk=5.991278
