[results]
loss=2.7505486
err=0.68060976
elapsed_time_chunk=6.098310
