[results]
loss=2.3159497
err=0.6033986
elapsed_time_chunk=6.119877
