[results]
loss=2.5113554
err=0.64140755
elapsed_time_chunk=5.755433
