[results]
loss=2.8364007
err=0.69559056
elapsed_time_chunk=6.136776
