[results]
loss=2.3486269
err=0.6094777
elapsed_time_chunk=6.638947
