[results]
loss=2.5440886
err=0.6479405
elapsed_time_chunk=6.980942
