[results]
loss=2.3616788
err=0.6144241
elapsed_time_chunk=6.249676
