[results]
loss=2.3384857
err=0.60952187
elapsed_time_chunk=6.091877
