[results]
loss=2.9377015
err=0.712787
elapsed_time_chunk=6.515414
