[results]
loss=2.3194485
err=0.60485625
elapsed_time_chunk=6.127312
