[results]
loss=2.351602
err=0.6082936
elapsed_time_chunk=6.331602
