[results]
loss=2.3672006
err=0.6131048
elapsed_time_chunk=6.168907
