[results]
loss=2.622587
err=0.66112214
elapsed_time_chunk=6.117570
