[results]
loss=3.0351548
err=0.72508276
elapsed_time_chunk=6.061633
