[results]
loss=2.3788173
err=0.6156774
elapsed_time_chunk=6.113375
