[results]
loss=2.8748462
err=0.7031206
elapsed_time_chunk=5.628620
