[results]
loss=2.3841062
err=0.61829704
elapsed_time_chunk=6.089491
