[results]
loss=2.5361407
err=0.6453178
elapsed_time_chunk=6.422518
