[results]
loss=3.4848714
err=0.7848394
elapsed_time_chunk=6.430219
