[results]
loss=2.3208034
err=0.6045979
elapsed_time_chunk=6.059920
