[results]
loss=2.6328268
err=0.659445
elapsed_time_chunk=6.021931
