[results]
loss=2.5127387
err=0.6403342
elapsed_time_chunk=5.715208
