[results]
loss=3.8544366
err=0.8215652
elapsed_time_chunk=6.158092
