[results]
loss=2.7358687
err=0.67982066
elapsed_time_chunk=5.822978
