[results]
loss=2.3250072
err=0.6066871
elapsed_time_chunk=6.697316
