[results]
loss=2.8552465
err=0.6973255
elapsed_time_chunk=6.275404
