[results]
loss=2.342124
err=0.607562
elapsed_time_chunk=6.519809
