[results]
loss=2.3382494
err=0.60859054
elapsed_time_chunk=5.680813
