[results]
loss=2.5326688
err=0.6453896
elapsed_time_chunk=6.189443
