[results]
loss=2.817189
err=0.69264215
elapsed_time_chunk=6.243226
