[results]
loss=2.3290894
err=0.60741854
elapsed_time_chunk=5.618537
