[results]
loss=2.9448254
err=0.7114786
elapsed_time_chunk=6.187081
