[results]
loss=2.4389699
err=0.6295945
elapsed_time_chunk=6.164092
