[results]
loss=2.5194433
err=0.64367926
elapsed_time_chunk=6.281652
