[results]
loss=2.6844876
err=0.6709835
elapsed_time_chunk=5.966534
