[results]
loss=2.7582014
err=0.6811648
elapsed_time_chunk=6.263658
