[results]
loss=2.3104732
err=0.6021741
elapsed_time_chunk=6.545413
