[results]
loss=2.3370466
err=0.6079034
elapsed_time_chunk=6.195962
