[results]
loss=2.5794704
err=0.6534263
elapsed_time_chunk=5.661992
