[results]
loss=2.3204863
err=0.60234016
elapsed_time_chunk=5.732393
