[results]
loss=2.3724804
err=0.616
elapsed_time_chunk=5.979931
