[results]
loss=5.7985783
err=0.9129672
elapsed_time_chunk=6.118564
