[results]
loss=2.3620613
err=0.6125504
elapsed_time_chunk=5.536812
