[results]
loss=3.397388
err=0.7724172
elapsed_time_chunk=6.414653
