[results]
loss=3.1171246
err=0.7379671
elapsed_time_chunk=6.434942
