[results]
loss=2.5618467
err=0.64892495
elapsed_time_chunk=6.260253
