[results]
loss=2.5595315
err=0.6488911
elapsed_time_chunk=5.744527
