[results]
loss=2.4196534
err=0.6252748
elapsed_time_chunk=6.767145
