[results]
loss=2.3491178
err=0.6111755
elapsed_time_chunk=6.631051
