[results]
loss=2.351627
err=0.607362
elapsed_time_chunk=6.454832
