[results]
loss=2.9991043
err=0.7181166
elapsed_time_chunk=6.118572
