[results]
loss=4.6786556
err=0.8734125
elapsed_time_chunk=6.025119
