[results]
loss=2.3873088
err=0.6167471
elapsed_time_chunk=6.205505
