[results]
loss=2.3920228
err=0.6182749
elapsed_time_chunk=6.292764
