[results]
loss=2.9146047
err=0.70559824
elapsed_time_chunk=6.385455
