[results]
loss=2.3586092
err=0.6114734
elapsed_time_chunk=5.700826
