[results]
loss=2.311709
err=0.6061707
elapsed_time_chunk=6.232242
