[results]
loss=2.4034948
err=0.62001306
elapsed_time_chunk=5.677241
