[results]
loss=2.6626878
err=0.6662959
elapsed_time_chunk=5.743021
