[results]
loss=2.4325836
err=0.6251017
elapsed_time_chunk=5.750717
