[results]
loss=2.301142
err=0.60088044
elapsed_time_chunk=6.152804
