[results]
loss=3.2904708
err=0.7607562
elapsed_time_chunk=6.081002
