[results]
loss=3.2265754
err=0.75301105
elapsed_time_chunk=5.721624
