[results]
loss=2.3976555
err=0.6212228
elapsed_time_chunk=6.114059
