[results]
loss=2.4466636
err=0.62890846
elapsed_time_chunk=6.126726
