[results]
loss=2.560996
err=0.6512849
elapsed_time_chunk=6.178207
