[results]
loss=3.0806825
err=0.73472536
elapsed_time_chunk=6.517104
