[results]
loss=2.576541
err=0.65354615
elapsed_time_chunk=6.212699
