[results]
loss=2.329496
err=0.6081415
elapsed_time_chunk=6.140021
