[results]
loss=2.6716638
err=0.66966945
elapsed_time_chunk=6.165477
