[results]
loss=4.1350164
err=0.84145194
elapsed_time_chunk=6.369630
