[results]
loss=2.33304
err=0.6081543
elapsed_time_chunk=6.101702
