[results]
loss=2.461067
err=0.63132566
elapsed_time_chunk=6.024225
