[results]
loss=2.5807977
err=0.65455514
elapsed_time_chunk=6.179223
