[results]
loss=2.3332028
err=0.60708195
elapsed_time_chunk=6.035131
