[results]
loss=2.5108001
err=0.6413798
elapsed_time_chunk=5.690002
