[results]
loss=2.4688525
err=0.63521975
elapsed_time_chunk=6.329719
