[results]
loss=2.6224396
err=0.6610464
elapsed_time_chunk=6.031736
