[results]
loss=2.6934686
err=0.67170334
elapsed_time_chunk=6.079555
