[results]
loss=2.6444955
err=0.6660179
elapsed_time_chunk=5.978376
