[results]
loss=2.489464
err=0.63778985
elapsed_time_chunk=6.105923
