[results]
loss=3.6491466
err=0.8021648
elapsed_time_chunk=6.195921
