[results]
loss=2.3125527
err=0.6012805
elapsed_time_chunk=5.742076
