[results]
loss=2.331307
err=0.60668737
elapsed_time_chunk=6.538194
