[results]
loss=3.3096771
err=0.763604
elapsed_time_chunk=6.214226
