[results]
loss=3.1422021
err=0.74258375
elapsed_time_chunk=6.207010
