[results]
loss=2.4777875
err=0.6346852
elapsed_time_chunk=6.484130
