[results]
loss=2.4945722
err=0.64160496
elapsed_time_chunk=6.216780
