[results]
loss=2.5306866
err=0.6460826
elapsed_time_chunk=6.100632
