[results]
loss=2.495001
err=0.6380194
elapsed_time_chunk=6.189044
