[results]
loss=2.606567
err=0.6549117
elapsed_time_chunk=6.270525
