[results]
loss=2.6872659
err=0.6727104
elapsed_time_chunk=5.945252
