[results]
loss=2.4077992
err=0.6206406
elapsed_time_chunk=6.293292
