[results]
loss=2.513649
err=0.64340645
elapsed_time_chunk=6.178242
