[results]
loss=2.4941823
err=0.6375981
elapsed_time_chunk=6.160748
