[results]
loss=2.3652542
err=0.6131116
elapsed_time_chunk=6.856248
