[results]
loss=2.3259785
err=0.6046278
elapsed_time_chunk=6.328863
