[results]
loss=2.9378078
err=0.7110736
elapsed_time_chunk=6.591848
