[results]
loss=2.8157675
err=0.6905141
elapsed_time_chunk=6.083300
