[results]
loss=2.5963209
err=0.656808
elapsed_time_chunk=6.151829
