[results]
loss=2.6263602
err=0.6620767
elapsed_time_chunk=6.323200
