[results]
loss=2.4061992
err=0.62171453
elapsed_time_chunk=5.986485
