[results]
loss=2.6053774
err=0.657278
elapsed_time_chunk=5.751940
