[results]
loss=1.5575014
err=0.45296085
elapsed_time_chunk=6.321151
