[results]
loss=1.0286198
err=0.3217087
elapsed_time_chunk=6.515298
