[results]
loss=1.2502449
err=0.37906054
elapsed_time_chunk=6.619673
