[results]
loss=0.9552976
err=0.3017134
elapsed_time_chunk=6.289768
