[results]
loss=0.99419427
err=0.31163242
elapsed_time_chunk=6.275752
