[results]
loss=1.4102824
err=0.4181111
elapsed_time_chunk=6.387896
