[results]
loss=1.3085208
err=0.3952563
elapsed_time_chunk=6.343967
