[results]
loss=1.0053558
err=0.31573892
elapsed_time_chunk=6.342932
