[results]
loss=1.4802688
err=0.43559796
elapsed_time_chunk=5.914801
