[results]
loss=1.0455675
err=0.32442644
elapsed_time_chunk=5.814944
