[results]
loss=1.0491605
err=0.32635432
elapsed_time_chunk=6.210574
