[results]
loss=2.0324194
err=0.5528342
elapsed_time_chunk=5.745473
