[results]
loss=1.1419394
err=0.35056266
elapsed_time_chunk=6.231158
