[results]
loss=1.3643891
err=0.40807816
elapsed_time_chunk=6.152549
