[results]
loss=0.9283408
err=0.29444936
elapsed_time_chunk=6.411056
