[results]
loss=1.7197753
err=0.4879038
elapsed_time_chunk=6.364463
