[results]
loss=1.1469198
err=0.35383725
elapsed_time_chunk=6.545617
