[results]
loss=2.7418861
err=0.67180264
elapsed_time_chunk=6.254534
