[results]
loss=1.3063924
err=0.39509618
elapsed_time_chunk=6.375149
