[results]
loss=1.059406
err=0.33192614
elapsed_time_chunk=7.073124
