[results]
loss=1.4592211
err=0.4317929
elapsed_time_chunk=6.309695
