[results]
loss=1.1402856
err=0.35137746
elapsed_time_chunk=6.422328
