[results]
loss=1.1572397
err=0.3571769
elapsed_time_chunk=6.331946
