[results]
loss=1.0197563
err=0.32017356
elapsed_time_chunk=6.480606
