[results]
loss=2.0605867
err=0.556985
elapsed_time_chunk=6.326253
