[results]
loss=1.3710304
err=0.41042435
elapsed_time_chunk=6.881341
