[results]
loss=1.3354915
err=0.40105817
elapsed_time_chunk=6.327299
