[results]
loss=1.7026592
err=0.4848501
elapsed_time_chunk=6.425159
