[results]
loss=0.9456192
err=0.29947767
elapsed_time_chunk=6.918391
