[results]
loss=1.1144654
err=0.34496078
elapsed_time_chunk=6.732551
