[results]
loss=1.3270451
err=0.40064216
elapsed_time_chunk=6.481727
