[results]
loss=1.8258886
err=0.5099064
elapsed_time_chunk=5.853860
