[results]
loss=0.92845505
err=0.2945387
elapsed_time_chunk=6.874388
