[results]
loss=1.6163845
err=0.46641114
elapsed_time_chunk=6.183908
