[results]
loss=0.96445715
err=0.3024046
elapsed_time_chunk=6.328595
