[results]
loss=0.9318192
err=0.2950935
elapsed_time_chunk=6.378965
