[results]
loss=4.9940414
err=0.8623751
elapsed_time_chunk=6.592077
