[results]
loss=1.0277579
err=0.3213913
elapsed_time_chunk=6.605711
