[results]
loss=1.4625089
err=0.42944726
elapsed_time_chunk=6.186209
