[results]
loss=0.9217684
err=0.29162338
elapsed_time_chunk=10.080518
