[results]
loss=0.9928697
err=0.31228638
elapsed_time_chunk=6.025182
