[results]
loss=1.4835712
err=0.43514162
elapsed_time_chunk=6.400556
