[results]
loss=0.9116404
err=0.28993306
elapsed_time_chunk=6.429027
