[results]
loss=0.938207
err=0.2979817
elapsed_time_chunk=6.515800
