[results]
loss=2.1793709
err=0.5824987
elapsed_time_chunk=6.441290
