[results]
loss=1.0576973
err=0.33039314
elapsed_time_chunk=6.334528
