[results]
loss=0.9966447
err=0.31176433
elapsed_time_chunk=6.249746
