[results]
loss=0.95243233
err=0.30095187
elapsed_time_chunk=6.547661
