[results]
loss=1.0439544
err=0.3256869
elapsed_time_chunk=6.289666
