[results]
loss=1.5523101
err=0.45059037
elapsed_time_chunk=6.074187
