[results]
loss=0.9684012
err=0.30536723
elapsed_time_chunk=6.523852
