[results]
loss=1.4319801
err=0.42497963
elapsed_time_chunk=6.290724
