[results]
loss=0.9203182
err=0.29283035
elapsed_time_chunk=6.541761
