[results]
loss=0.9554575
err=0.30189228
elapsed_time_chunk=6.535098
