[results]
loss=2.5159037
err=0.639736
elapsed_time_chunk=6.290482
