[results]
loss=0.93346953
err=0.29468963
elapsed_time_chunk=6.758138
