[results]
loss=1.1751411
err=0.36029464
elapsed_time_chunk=6.705745
