[results]
loss=0.92964
err=0.29471153
elapsed_time_chunk=7.000503
