[results]
loss=0.94284064
err=0.29848546
elapsed_time_chunk=6.480792
