[results]
loss=0.9279492
err=0.2941034
elapsed_time_chunk=5.997165
