[results]
loss=1.7513916
err=0.49683398
elapsed_time_chunk=6.105738
