[results]
loss=0.9299868
err=0.2948198
elapsed_time_chunk=6.505784
