[results]
loss=1.6003088
err=0.4613809
elapsed_time_chunk=6.887241
