[results]
loss=1.1725655
err=0.36003312
elapsed_time_chunk=6.289412
