[results]
loss=0.9553617
err=0.30162945
elapsed_time_chunk=6.178206
