[results]
loss=0.96839285
err=0.30588663
elapsed_time_chunk=5.801342
