[results]
loss=1.2350821
err=0.3773173
elapsed_time_chunk=6.209332
