[results]
loss=0.9768843
err=0.30728272
elapsed_time_chunk=6.277613
