[results]
loss=1.7199309
err=0.4868125
elapsed_time_chunk=6.486106
