[results]
loss=0.9644157
err=0.30394644
elapsed_time_chunk=7.202688
