[results]
loss=1.3184144
err=0.3969598
elapsed_time_chunk=6.424426
