[results]
loss=1.489431
err=0.4378693
elapsed_time_chunk=6.707112
