[results]
loss=1.0427116
err=0.32470566
elapsed_time_chunk=6.288447
