[results]
loss=1.6225944
err=0.46803054
elapsed_time_chunk=6.972817
