[results]
loss=1.0586855
err=0.33105913
elapsed_time_chunk=5.835748
