[results]
loss=2.359894
err=0.61257416
elapsed_time_chunk=5.923106
