[results]
loss=1.8746359
err=0.5222172
elapsed_time_chunk=6.629887
