[results]
loss=1.8848764
err=0.5237138
elapsed_time_chunk=6.355114
