[results]
loss=1.4092708
err=0.4181925
elapsed_time_chunk=6.213683
