[results]
loss=2.0741355
err=0.5603499
elapsed_time_chunk=6.345939
