[results]
loss=1.0305504
err=0.32450175
elapsed_time_chunk=5.905346
