[results]
loss=1.1916053
err=0.36425555
elapsed_time_chunk=6.253829
