[results]
loss=1.0391067
err=0.3259706
elapsed_time_chunk=6.247144
