[results]
loss=0.9336385
err=0.29606268
elapsed_time_chunk=6.281729
