[results]
loss=3.359179
err=0.7469142
elapsed_time_chunk=6.676590
