[results]
loss=1.861126
err=0.51787835
elapsed_time_chunk=6.316877
