[results]
loss=1.3798075
err=0.4120817
elapsed_time_chunk=6.444877
