[results]
loss=0.9994663
err=0.31363237
elapsed_time_chunk=6.544843
