[results]
loss=1.7104787
err=0.48647308
elapsed_time_chunk=5.873791
