[results]
loss=0.9249535
err=0.2939664
elapsed_time_chunk=6.965258
