[results]
loss=1.5419927
err=0.44866583
elapsed_time_chunk=6.936461
