[results]
loss=0.92200536
err=0.29184666
elapsed_time_chunk=6.378665
