[results]
loss=1.3143345
err=0.3961834
elapsed_time_chunk=6.359325
