[results]
loss=1.3058085
err=0.39417893
elapsed_time_chunk=5.898325
