[results]
loss=1.0779511
err=0.3355734
elapsed_time_chunk=6.277615
