[results]
loss=0.9353771
err=0.29543552
elapsed_time_chunk=5.806914
