[results]
loss=0.9461948
err=0.29857856
elapsed_time_chunk=5.975905
