[results]
loss=1.2954247
err=0.39096278
elapsed_time_chunk=6.444192
