[results]
loss=1.0040033
err=0.31400055
elapsed_time_chunk=6.404794
