[results]
loss=1.0946089
err=0.33954707
elapsed_time_chunk=6.321154
