[results]
loss=1.4480695
err=0.42854002
elapsed_time_chunk=6.216793
