[results]
loss=0.9584272
err=0.3023352
elapsed_time_chunk=5.849049
