[results]
loss=0.9227277
err=0.2920575
elapsed_time_chunk=8.660791
