[results]
loss=2.1444826
err=0.5729707
elapsed_time_chunk=6.526233
