[results]
loss=1.275563
err=0.38842317
elapsed_time_chunk=6.346622
