[results]
loss=1.5235002
err=0.4460582
elapsed_time_chunk=6.711219
