[results]
loss=1.3874117
err=0.41545355
elapsed_time_chunk=5.927694
