[results]
loss=0.9308024
err=0.29456958
elapsed_time_chunk=6.509326
