[results]
loss=1.1489408
err=0.35489696
elapsed_time_chunk=6.468339
