[results]
loss=1.0086433
err=0.31663206
elapsed_time_chunk=6.413006
