[results]
loss=1.081955
err=0.3374493
elapsed_time_chunk=5.941963
