[results]
loss=0.9531519
err=0.29922792
elapsed_time_chunk=6.735169
