[results]
loss=0.92968935
err=0.29245475
elapsed_time_chunk=5.859143
