[results]
loss=1.875761
err=0.5233981
elapsed_time_chunk=6.448843
