[results]
loss=1.6113917
err=0.46589765
elapsed_time_chunk=6.380652
