[results]
loss=0.9336589
err=0.29536042
elapsed_time_chunk=6.558788
