[results]
loss=1.6200746
err=0.4669076
elapsed_time_chunk=5.815293
