[results]
loss=1.3416264
err=0.40378717
elapsed_time_chunk=6.132469
