[results]
loss=0.93796504
err=0.29826993
elapsed_time_chunk=6.285266
