[results]
loss=0.9792631
err=0.30769128
elapsed_time_chunk=6.292011
