[results]
loss=0.9400252
err=0.2956365
elapsed_time_chunk=6.085323
