[results]
loss=1.0716126
err=0.33338052
elapsed_time_chunk=6.134442
