[results]
loss=1.3416553
err=0.4024152
elapsed_time_chunk=6.528715
