[results]
loss=1.6445863
err=0.47342426
elapsed_time_chunk=6.500252
