[results]
loss=0.9954505
err=0.3113497
elapsed_time_chunk=6.188237
