[results]
loss=0.98638237
err=0.30920437
elapsed_time_chunk=6.032063
