[results]
loss=2.2180219
err=0.5877189
elapsed_time_chunk=6.031841
