[results]
loss=1.390106
err=0.41408464
elapsed_time_chunk=6.204267
