[results]
loss=2.1288352
err=0.5713851
elapsed_time_chunk=5.703783
