[results]
loss=2.0765843
err=0.5625529
elapsed_time_chunk=6.779996
