[results]
loss=2.091857
err=0.5659467
elapsed_time_chunk=5.624474
