[results]
loss=2.485678
err=0.6365572
elapsed_time_chunk=5.673968
