[results]
loss=2.358548
err=0.61413795
elapsed_time_chunk=5.662238
