[results]
loss=2.2311563
err=0.5929485
elapsed_time_chunk=6.722586
