[results]
loss=2.262103
err=0.5987346
elapsed_time_chunk=6.455028
