[results]
loss=1.9294297
err=0.5309247
elapsed_time_chunk=12.336430
