[results]
loss=2.0710118
err=0.5624336
elapsed_time_chunk=6.132162
