[results]
loss=1.9421195
err=0.53222203
elapsed_time_chunk=14.215813
