[results]
loss=1.9698509
err=0.5406413
elapsed_time_chunk=19.574279
