[results]
loss=2.4524946
err=0.6315223
elapsed_time_chunk=6.199137
