[results]
loss=2.8784645
err=0.7015858
elapsed_time_chunk=6.083362
