[results]
loss=1.9231937
err=0.5287203
elapsed_time_chunk=5.660089
