[results]
loss=2.5353916
err=0.64547926
elapsed_time_chunk=6.493511
