[results]
loss=2.425301
err=0.62823766
elapsed_time_chunk=6.155503
