[results]
loss=2.0188437
err=0.551352
elapsed_time_chunk=6.096983
