[results]
loss=2.1066275
err=0.5683064
elapsed_time_chunk=6.312307
