[results]
loss=2.1830318
err=0.58125174
elapsed_time_chunk=5.642449
