[results]
loss=2.4407527
err=0.6297449
elapsed_time_chunk=5.980535
