[results]
loss=2.165185
err=0.57837987
elapsed_time_chunk=6.021382
