[results]
loss=2.3705823
err=0.6160429
elapsed_time_chunk=6.232970
