[results]
loss=2.1299708
err=0.5722867
elapsed_time_chunk=5.687750
