[results]
loss=2.1477895
err=0.57717884
elapsed_time_chunk=6.140312
