[results]
loss=2.2290113
err=0.594107
elapsed_time_chunk=6.124005
