[results]
loss=1.9794512
err=0.5423473
elapsed_time_chunk=6.089691
