[results]
loss=2.3594558
err=0.6129522
elapsed_time_chunk=6.782460
