[results]
loss=4.3465295
err=0.84414685
elapsed_time_chunk=6.107556
