[results]
loss=1.9412197
err=0.53285253
elapsed_time_chunk=9.116109
