[results]
loss=2.2047782
err=0.5889822
elapsed_time_chunk=7.638834
