[results]
loss=2.0265625
err=0.5532792
elapsed_time_chunk=6.672385
