[results]
loss=1.9848572
err=0.54332185
elapsed_time_chunk=6.233012
