[results]
loss=1.9282558
err=0.5328991
elapsed_time_chunk=12.808024
