[results]
loss=2.0506358
err=0.55858487
elapsed_time_chunk=6.016968
