[results]
loss=1.9614518
err=0.5378602
elapsed_time_chunk=16.452317
