[results]
loss=2.1043456
err=0.5683954
elapsed_time_chunk=6.265940
