[results]
loss=3.2238226
err=0.74862516
elapsed_time_chunk=5.685462
