[results]
loss=1.9232655
err=0.5319096
elapsed_time_chunk=11.270082
