[results]
loss=2.2262125
err=0.59156287
elapsed_time_chunk=5.722042
