[results]
loss=2.192275
err=0.5841789
elapsed_time_chunk=8.991919
