[results]
loss=2.3711395
err=0.6189675
elapsed_time_chunk=6.145103
