[results]
loss=1.9331514
err=0.53261894
elapsed_time_chunk=16.458127
