[results]
loss=2.1472003
err=0.5756143
elapsed_time_chunk=6.133522
