[results]
loss=2.1786156
err=0.58304596
elapsed_time_chunk=7.875041
