[results]
loss=2.7214575
err=0.6784582
elapsed_time_chunk=6.291359
