[results]
loss=1.96492
err=0.53647
elapsed_time_chunk=11.970636
