[results]
loss=2.310917
err=0.6063899
elapsed_time_chunk=6.257781
