[results]
loss=2.2219322
err=0.58738655
elapsed_time_chunk=6.354885
