[results]
loss=2.196585
err=0.5855684
elapsed_time_chunk=6.784706
