[results]
loss=2.5414205
err=0.6492848
elapsed_time_chunk=6.265325
