[results]
loss=1.9198592
err=0.52910334
elapsed_time_chunk=13.080978
