[results]
loss=1.9190054
err=0.5287624
elapsed_time_chunk=16.823137
