[results]
loss=3.0549033
err=0.72757727
elapsed_time_chunk=6.203314
