[results]
loss=1.9628459
err=0.5363348
elapsed_time_chunk=10.166222
