[results]
loss=2.704698
err=0.6752175
elapsed_time_chunk=6.627159
