[results]
loss=1.9815274
err=0.54304814
elapsed_time_chunk=6.214777
