[results]
loss=2.066374
err=0.5607757
elapsed_time_chunk=6.278379
