[results]
loss=2.5193381
err=0.6427411
elapsed_time_chunk=6.710700
