[results]
loss=1.9823616
err=0.5433953
elapsed_time_chunk=7.248161
