[results]
loss=2.2438178
err=0.5927485
elapsed_time_chunk=6.288502
