[results]
loss=2.6792426
err=0.6714634
elapsed_time_chunk=6.191298
