[results]
loss=1.96789
err=0.5401805
elapsed_time_chunk=5.836405
