[results]
loss=2.103551
err=0.56704205
elapsed_time_chunk=6.393987
