[results]
loss=2.296049
err=0.603632
elapsed_time_chunk=5.940404
