[results]
loss=2.0708137
err=0.562041
elapsed_time_chunk=5.601951
