[results]
loss=2.3392303
err=0.61192
elapsed_time_chunk=6.101963
