[results]
loss=2.8162873
err=0.6924047
elapsed_time_chunk=5.576528
