[results]
loss=2.4152
err=0.62465453
elapsed_time_chunk=5.738079
