[results]
loss=1.9421536
err=0.5336477
elapsed_time_chunk=12.831984
