[results]
loss=2.1288316
err=0.57177544
elapsed_time_chunk=5.726007
