[results]
loss=1.9164584
err=0.527205
elapsed_time_chunk=16.864768
