[results]
loss=2.2829354
err=0.60116833
elapsed_time_chunk=7.587931
