[results]
loss=2.0627415
err=0.56116956
elapsed_time_chunk=6.191964
