[results]
loss=2.2279186
err=0.5915391
elapsed_time_chunk=6.091909
