[results]
loss=2.2969031
err=0.60515064
elapsed_time_chunk=6.077573
