[results]
loss=2.091157
err=0.5640378
elapsed_time_chunk=5.635271
