[results]
loss=2.0188887
err=0.5486363
elapsed_time_chunk=9.075699
