[results]
loss=1.9666657
err=0.53838784
elapsed_time_chunk=10.154158
