[results]
loss=1.9243281
err=0.5314388
elapsed_time_chunk=20.995194
