[results]
loss=2.0689864
err=0.5618142
elapsed_time_chunk=6.067570
