[results]
loss=2.110181
err=0.56887525
elapsed_time_chunk=6.028750
