[results]
loss=1.8985614
err=0.5254523
elapsed_time_chunk=18.286544
