[results]
loss=2.2043798
err=0.58667886
elapsed_time_chunk=6.375291
