[results]
loss=2.1400788
err=0.57365173
elapsed_time_chunk=6.069046
