[results]
loss=2.5392365
err=0.6463304
elapsed_time_chunk=6.587504
