[results]
loss=2.1155853
err=0.5698171
elapsed_time_chunk=6.521286
