[results]
loss=1.9950927
err=0.5464018
elapsed_time_chunk=5.964651
