[results]
loss=2.0040476
err=0.5461558
elapsed_time_chunk=6.836738
