[results]
loss=2.3031425
err=0.60512656
elapsed_time_chunk=5.576579
