[results]
loss=5.5883703
err=0.89924693
elapsed_time_chunk=6.125194
