[results]
loss=2.3209093
err=0.60713714
elapsed_time_chunk=6.147165
