[results]
loss=2.039425
err=0.5561143
elapsed_time_chunk=6.115778
