[results]
loss=2.980908
err=0.7158116
elapsed_time_chunk=6.432945
