[results]
loss=1.9913445
err=0.5451741
elapsed_time_chunk=7.335643
