[results]
loss=2.2122095
err=0.58856696
elapsed_time_chunk=10.050547
