[results]
loss=2.428327
err=0.62884
elapsed_time_chunk=6.400348
