[results]
loss=2.637913
err=0.6631405
elapsed_time_chunk=6.121250
