[results]
loss=2.2800362
err=0.6000501
elapsed_time_chunk=5.614854
