[results]
loss=2.0500782
err=0.5572014
elapsed_time_chunk=5.961642
