[results]
loss=2.1580966
err=0.5787249
elapsed_time_chunk=6.168339
