[results]
loss=1.9335707
err=0.5326948
elapsed_time_chunk=11.599551
