[results]
loss=1.9350722
err=0.5333141
elapsed_time_chunk=12.799758
