[results]
loss=2.1001601
err=0.5702226
elapsed_time_chunk=6.002557
