[results]
loss=2.8921168
err=0.7033609
elapsed_time_chunk=6.590621
