[results]
loss=1.9143099
err=0.5258884
elapsed_time_chunk=17.765058
