[results]
loss=2.0814564
err=0.5631213
elapsed_time_chunk=6.307822
