[results]
loss=2.0573099
err=0.5587793
elapsed_time_chunk=6.422184
