[results]
loss=1.9253236
err=0.5309673
elapsed_time_chunk=10.369449
