[results]
loss=1.9220827
err=0.52799517
elapsed_time_chunk=10.712830
