[results]
loss=2.1457865
err=0.5756056
elapsed_time_chunk=6.580248
