[results]
loss=2.099077
err=0.568801
elapsed_time_chunk=6.265007
