[results]
loss=3.421937
err=0.7729571
elapsed_time_chunk=6.210682
