[results]
loss=1.9331492
err=0.5339315
elapsed_time_chunk=9.180788
