[results]
loss=1.9349121
err=0.5326052
elapsed_time_chunk=16.190722
