[results]
loss=2.0848558
err=0.5652224
elapsed_time_chunk=6.092914
