[results]
loss=2.1931226
err=0.58473
elapsed_time_chunk=6.875386
