[results]
loss=2.123441
err=0.5715995
elapsed_time_chunk=7.847337
