[results]
loss=2.0382352
err=0.55371946
elapsed_time_chunk=6.255085
