[results]
loss=3.7125535
err=0.7987976
elapsed_time_chunk=5.907623
