[results]
loss=2.5953884
err=0.6534523
elapsed_time_chunk=5.713015
