[results]
loss=1.3320144
err=0.39921832
elapsed_time_chunk=6.218477
