[results]
loss=0.9618825
err=0.30190527
elapsed_time_chunk=8.255611
