[results]
loss=0.84364396
err=0.26895654
elapsed_time_chunk=6.315794
