[results]
loss=0.84168124
err=0.26835936
elapsed_time_chunk=6.031698
