[results]
loss=1.0648249
err=0.33106512
elapsed_time_chunk=6.187952
