[results]
loss=1.0453424
err=0.3284051
elapsed_time_chunk=5.592721
