[results]
loss=0.97988385
err=0.30819255
elapsed_time_chunk=6.069943
