[results]
loss=0.9339261
err=0.29449406
elapsed_time_chunk=6.061322
