[results]
loss=0.9064384
err=0.28784165
elapsed_time_chunk=6.302834
