[results]
loss=1.089051
err=0.3379669
elapsed_time_chunk=6.546454
