[results]
loss=0.88196206
err=0.28074282
elapsed_time_chunk=6.298465
