[results]
loss=0.9213184
err=0.291817
elapsed_time_chunk=6.148976
