[results]
loss=0.89530116
err=0.28376803
elapsed_time_chunk=5.569924
