[results]
loss=0.81327057
err=0.26067096
elapsed_time_chunk=6.535846
