[results]
loss=1.0141113
err=0.3186042
elapsed_time_chunk=6.184037
