[results]
loss=0.8915572
err=0.28246635
elapsed_time_chunk=6.661740
