[results]
loss=0.8288903
err=0.2643732
elapsed_time_chunk=6.710492
