[results]
loss=0.948029
err=0.29825366
elapsed_time_chunk=5.951850
