[results]
loss=1.3850375
err=0.41309527
elapsed_time_chunk=12.322940
