[results]
loss=0.81950796
err=0.26197767
elapsed_time_chunk=6.282537
