[results]
loss=0.85341865
err=0.27101785
elapsed_time_chunk=5.955806
