[results]
loss=1.0532537
err=0.32832772
elapsed_time_chunk=5.745276
