[results]
loss=1.6515045
err=0.4716665
elapsed_time_chunk=6.379420
