[results]
loss=1.1153368
err=0.34440255
elapsed_time_chunk=6.014421
