[results]
loss=1.5643901
err=0.45329046
elapsed_time_chunk=6.124856
