[results]
loss=1.3066067
err=0.39401057
elapsed_time_chunk=10.130302
