[results]
loss=0.83022237
err=0.2672479
elapsed_time_chunk=6.302081
