[results]
loss=1.2264849
err=0.37432733
elapsed_time_chunk=6.154315
