[results]
loss=0.91905713
err=0.28922498
elapsed_time_chunk=6.080921
