[results]
loss=1.8146458
err=0.5075696
elapsed_time_chunk=6.041468
