[results]
loss=1.8314726
err=0.51342666
elapsed_time_chunk=6.161992
