[results]
loss=1.0864942
err=0.3369538
elapsed_time_chunk=6.098200
