[results]
loss=1.4204738
err=0.42265713
elapsed_time_chunk=15.310163
