[results]
loss=1.0066289
err=0.31778333
elapsed_time_chunk=6.010066
