[results]
loss=1.4038284
err=0.41585994
elapsed_time_chunk=10.664574
