[results]
loss=1.6646208
err=0.4768679
elapsed_time_chunk=5.935631
