[results]
loss=1.9903564
err=0.54380566
elapsed_time_chunk=5.945568
