[results]
loss=5.1916165
err=0.87076384
elapsed_time_chunk=11.541342
