[results]
loss=0.860456
err=0.27316657
elapsed_time_chunk=6.085544
