[results]
loss=0.94244295
err=0.2987286
elapsed_time_chunk=6.036129
