[results]
loss=1.5707284
err=0.45544574
elapsed_time_chunk=5.657411
