[results]
loss=1.2342318
err=0.3751294
elapsed_time_chunk=14.823975
