[results]
loss=0.852499
err=0.2718988
elapsed_time_chunk=6.063821
