[results]
loss=2.5244684
err=0.63744164
elapsed_time_chunk=6.103104
