[results]
loss=0.85332036
err=0.2722237
elapsed_time_chunk=6.061408
