[results]
loss=1.0731204
err=0.3341764
elapsed_time_chunk=6.179595
