[results]
loss=1.3440162
err=0.40353847
elapsed_time_chunk=13.230382
