[results]
loss=0.87612915
err=0.27749348
elapsed_time_chunk=6.198405
