[results]
loss=0.8275001
err=0.26382488
elapsed_time_chunk=6.110353
