[results]
loss=1.5468379
err=0.4500612
elapsed_time_chunk=6.196141
