[results]
loss=1.0575535
err=0.32929575
elapsed_time_chunk=6.361780
