[results]
loss=0.87111104
err=0.27647942
elapsed_time_chunk=6.129704
