[results]
loss=0.840177
err=0.26911455
elapsed_time_chunk=6.833089
