[results]
loss=0.8258643
err=0.2646975
elapsed_time_chunk=6.130445
