[results]
loss=2.1081367
err=0.56450135
elapsed_time_chunk=6.175957
