[results]
loss=1.4985402
err=0.4389063
elapsed_time_chunk=6.044673
