[results]
loss=1.0066782
err=0.31490043
elapsed_time_chunk=6.392846
