[results]
loss=0.8336038
err=0.26539165
elapsed_time_chunk=6.107072
