[results]
loss=1.3690217
err=0.4096248
elapsed_time_chunk=17.030254
