[results]
loss=1.2419428
err=0.3788184
elapsed_time_chunk=6.332544
