[results]
loss=1.1983066
err=0.36911964
elapsed_time_chunk=6.396988
