[results]
loss=0.82794917
err=0.26495412
elapsed_time_chunk=6.472962
