[results]
loss=0.828421
err=0.26437804
elapsed_time_chunk=5.862915
