[results]
loss=1.5716724
err=0.45597634
elapsed_time_chunk=6.136610
