[results]
loss=0.84629786
err=0.26999485
elapsed_time_chunk=5.694155
