[results]
loss=0.8374442
err=0.26738927
elapsed_time_chunk=6.663968
