[results]
loss=0.988386
err=0.3112189
elapsed_time_chunk=6.138989
