[results]
loss=1.2562448
err=0.38270515
elapsed_time_chunk=6.142281
