[results]
loss=0.83616716
err=0.2669316
elapsed_time_chunk=5.995473
