[results]
loss=1.4689308
err=0.43324307
elapsed_time_chunk=6.023020
