[results]
loss=2.8102956
err=0.675494
elapsed_time_chunk=6.226040
