[results]
loss=3.5503767
err=0.7589451
elapsed_time_chunk=8.873066
