[results]
loss=0.860864
err=0.27456695
elapsed_time_chunk=6.075113
