[results]
loss=1.0269445
err=0.3220889
elapsed_time_chunk=6.197394
