[results]
loss=0.903532
err=0.28725657
elapsed_time_chunk=6.655447
