[results]
loss=0.8514076
err=0.27144042
elapsed_time_chunk=5.508523
