[results]
loss=1.2701192
err=0.38497388
elapsed_time_chunk=18.598530
