[results]
loss=0.8467128
err=0.26947954
elapsed_time_chunk=5.594592
