[results]
loss=0.89255565
err=0.2834418
elapsed_time_chunk=6.079393
