[results]
loss=1.2218474
err=0.37259617
elapsed_time_chunk=6.235100
