[results]
loss=0.8251901
err=0.26332822
elapsed_time_chunk=6.349257
