[results]
loss=0.8207443
err=0.26191485
elapsed_time_chunk=5.704936
