[results]
loss=1.1549983
err=0.35639432
elapsed_time_chunk=6.113321
