[results]
loss=1.5622017
err=0.45369008
elapsed_time_chunk=6.306209
