[results]
loss=0.83656377
err=0.26605803
elapsed_time_chunk=6.048025
