[results]
loss=0.8369552
err=0.26584175
elapsed_time_chunk=6.220810
