[results]
loss=0.95792705
err=0.30270347
elapsed_time_chunk=5.719947
