[results]
loss=0.8507922
err=0.27052253
elapsed_time_chunk=6.495425
