[results]
loss=1.6727933
err=0.4774096
elapsed_time_chunk=6.251181
