[results]
loss=0.90099174
err=0.2858617
elapsed_time_chunk=5.980777
