[results]
loss=0.83095455
err=0.2651068
elapsed_time_chunk=6.286420
