[results]
loss=1.8398054
err=0.5133878
elapsed_time_chunk=6.009032
