[results]
loss=2.1484222
err=0.57323277
elapsed_time_chunk=6.196015
