[results]
loss=1.4311304
err=0.42370862
elapsed_time_chunk=16.548099
