[results]
loss=1.674512
err=0.47665626
elapsed_time_chunk=5.982569
