[results]
loss=2.034183
err=0.5512464
elapsed_time_chunk=6.214720
