[results]
loss=1.1714342
err=0.3588294
elapsed_time_chunk=6.405262
