[results]
loss=1.2982036
err=0.3926513
elapsed_time_chunk=15.851773
