[results]
loss=1.2292188
err=0.37483263
elapsed_time_chunk=5.676751
