[results]
loss=1.2690037
err=0.3857264
elapsed_time_chunk=5.539667
