[results]
loss=2.020123
err=0.5484635
elapsed_time_chunk=6.017651
