[results]
loss=1.7750101
err=0.49733865
elapsed_time_chunk=5.671292
