[results]
loss=1.2491958
err=0.3793259
elapsed_time_chunk=15.039532
