[results]
loss=1.3132982
err=0.39506966
elapsed_time_chunk=14.865053
