[results]
loss=1.057016
err=0.32855678
elapsed_time_chunk=6.458794
