[results]
loss=0.9410438
err=0.2962873
elapsed_time_chunk=5.644280
