[results]
loss=1.3237522
err=0.3975889
elapsed_time_chunk=5.952642
