[results]
loss=1.7008969
err=0.48373267
elapsed_time_chunk=5.988414
