[results]
loss=0.8326515
err=0.26592806
elapsed_time_chunk=5.978557
