[results]
loss=2.3418593
err=0.60711855
elapsed_time_chunk=5.797698
