[results]
loss=1.5027218
err=0.4407182
elapsed_time_chunk=5.841781
