[results]
loss=1.3492427
err=0.40320453
elapsed_time_chunk=10.514913
