[results]
loss=1.4021897
err=0.4178836
elapsed_time_chunk=18.077465
