[results]
loss=0.87107795
err=0.27701175
elapsed_time_chunk=6.624179
