[results]
loss=1.4847682
err=0.43527937
elapsed_time_chunk=6.169605
