[results]
loss=0.8282851
err=0.26420128
elapsed_time_chunk=9.131842
