[results]
loss=0.8203751
err=0.26365086
elapsed_time_chunk=6.867461
