[results]
loss=1.4220886
err=0.42106667
elapsed_time_chunk=6.132654
