[results]
loss=1.8277771
err=0.511775
elapsed_time_chunk=8.023551
