[results]
loss=0.95168763
err=0.29984492
elapsed_time_chunk=6.781136
