[results]
loss=0.8245939
err=0.26286948
elapsed_time_chunk=5.959543
