[results]
loss=0.8304017
err=0.2642474
elapsed_time_chunk=6.972179
