[results]
loss=1.7248641
err=0.49177375
elapsed_time_chunk=6.101927
