[results]
loss=2.1093464
err=0.56791204
elapsed_time_chunk=6.640766
