[results]
loss=1.9230943
err=0.5320505
elapsed_time_chunk=7.745602
