[results]
loss=1.7792507
err=0.5014823
elapsed_time_chunk=6.042214
