[results]
loss=1.6487491
err=0.4723328
elapsed_time_chunk=6.002311
