[results]
loss=1.8812442
err=0.5220645
elapsed_time_chunk=6.264906
