[results]
loss=1.598437
err=0.46361986
elapsed_time_chunk=6.180769
