[results]
loss=1.8840417
err=0.5245197
elapsed_time_chunk=6.023366
