[results]
loss=1.7431998
err=0.49615875
elapsed_time_chunk=6.087080
