[results]
loss=1.814359
err=0.50891596
elapsed_time_chunk=5.672295
