[results]
loss=1.6135548
err=0.4646351
elapsed_time_chunk=5.960773
