[results]
loss=2.5488358
err=0.6460906
elapsed_time_chunk=6.213648
