[results]
loss=1.653283
err=0.47610453
elapsed_time_chunk=6.063626
