[results]
loss=1.6092756
err=0.46504724
elapsed_time_chunk=6.435485
