[results]
loss=1.7112544
err=0.48743567
elapsed_time_chunk=6.224811
