[results]
loss=4.114779
err=0.81936264
elapsed_time_chunk=6.603484
