[results]
loss=1.8271004
err=0.5132523
elapsed_time_chunk=5.968198
