[results]
loss=1.591095
err=0.45925698
elapsed_time_chunk=5.534043
