[results]
loss=1.8858118
err=0.5249241
elapsed_time_chunk=6.715557
