[results]
loss=1.620668
err=0.46717682
elapsed_time_chunk=5.639701
