[results]
loss=1.8330243
err=0.51308274
elapsed_time_chunk=6.090928
