[results]
loss=1.8128594
err=0.5098268
elapsed_time_chunk=5.670843
