[results]
loss=1.7163955
err=0.49000034
elapsed_time_chunk=5.995696
