[results]
loss=1.7814212
err=0.5026191
elapsed_time_chunk=6.492795
