[results]
loss=1.8229951
err=0.5113131
elapsed_time_chunk=6.695667
