[results]
loss=2.0006652
err=0.5467371
elapsed_time_chunk=6.568247
