[results]
loss=1.9845071
err=0.54500246
elapsed_time_chunk=6.484835
