[results]
loss=2.0523098
err=0.5565829
elapsed_time_chunk=6.382634
