[results]
loss=1.7907039
err=0.5043005
elapsed_time_chunk=6.359143
