[results]
loss=1.6939509
err=0.48579463
elapsed_time_chunk=6.130355
