[results]
loss=1.7406111
err=0.49444145
elapsed_time_chunk=6.839317
