[results]
loss=1.6474711
err=0.47291133
elapsed_time_chunk=6.310736
