[results]
loss=1.8454818
err=0.5156876
elapsed_time_chunk=6.086700
