[results]
loss=1.6090988
err=0.4658069
elapsed_time_chunk=6.096071
