[results]
loss=1.7178494
err=0.49078366
elapsed_time_chunk=8.393653
