[results]
loss=1.9104962
err=0.52789545
elapsed_time_chunk=6.220718
