[results]
loss=1.604856
err=0.46221977
elapsed_time_chunk=7.658087
