[results]
loss=1.8952379
err=0.52702475
elapsed_time_chunk=6.872039
