[results]
loss=2.0563905
err=0.5589666
elapsed_time_chunk=7.910390
