[results]
loss=2.0222864
err=0.5501217
elapsed_time_chunk=6.173670
