[results]
loss=1.6160271
err=0.46798015
elapsed_time_chunk=7.147746
