[results]
loss=2.3917594
err=0.621839
elapsed_time_chunk=6.164719
