[results]
loss=1.6931684
err=0.48419744
elapsed_time_chunk=6.132364
