[results]
loss=1.7655969
err=0.5031151
elapsed_time_chunk=6.409294
