[results]
loss=2.5007284
err=0.639925
elapsed_time_chunk=5.601849
