[results]
loss=1.6127628
err=0.46823508
elapsed_time_chunk=5.991117
