[results]
loss=1.5565008
err=0.45337182
elapsed_time_chunk=6.044937
