[results]
loss=1.6085575
err=0.4653748
elapsed_time_chunk=6.015616
