[results]
loss=2.126647
err=0.57085514
elapsed_time_chunk=6.536360
