[results]
loss=1.9321924
err=0.5326636
elapsed_time_chunk=6.091271
