[results]
loss=1.743016
err=0.49377382
elapsed_time_chunk=6.430004
