[results]
loss=1.7123108
err=0.48863554
elapsed_time_chunk=6.224810
