[results]
loss=2.0049012
err=0.5492344
elapsed_time_chunk=6.416831
