[results]
loss=1.6961501
err=0.48480776
elapsed_time_chunk=5.492269
