[results]
loss=1.8410215
err=0.51465344
elapsed_time_chunk=6.655079
