[results]
loss=1.7776586
err=0.5038369
elapsed_time_chunk=6.128428
