[results]
loss=1.6448656
err=0.47236606
elapsed_time_chunk=9.049260
