[results]
loss=2.3832903
err=0.6197412
elapsed_time_chunk=6.501275
