[results]
loss=2.7119803
err=0.6744053
elapsed_time_chunk=7.279833
