[results]
loss=2.1159742
err=0.5707892
elapsed_time_chunk=6.045263
