[results]
loss=2.061995
err=0.5583697
elapsed_time_chunk=6.583034
