[results]
loss=1.612291
err=0.46640846
elapsed_time_chunk=7.210743
