[results]
loss=1.7479109
err=0.4957246
elapsed_time_chunk=6.158750
