[results]
loss=1.8569152
err=0.51901615
elapsed_time_chunk=7.487329
