[results]
loss=1.9699031
err=0.5412676
elapsed_time_chunk=6.831706
