[results]
loss=3.395732
err=0.7585906
elapsed_time_chunk=6.110872
