[results]
loss=1.6199175
err=0.46860296
elapsed_time_chunk=6.380129
