[results]
loss=1.5675712
err=0.45440623
elapsed_time_chunk=5.958191
