[results]
loss=1.6952887
err=0.48490626
elapsed_time_chunk=6.321966
