[results]
loss=1.967505
err=0.54060817
elapsed_time_chunk=6.135990
