[results]
loss=1.7268593
err=0.49150264
elapsed_time_chunk=6.087849
