[results]
loss=1.9446275
err=0.5365121
elapsed_time_chunk=6.053906
