[results]
loss=1.7800832
err=0.50413126
elapsed_time_chunk=8.898131
