[results]
loss=1.7687356
err=0.49868762
elapsed_time_chunk=5.665317
