[results]
loss=1.9700536
err=0.5405397
elapsed_time_chunk=5.759481
