[results]
loss=2.2897847
err=0.59929705
elapsed_time_chunk=6.251229
