[results]
loss=1.7802595
err=0.50269055
elapsed_time_chunk=5.996272
