[results]
loss=2.217242
err=0.588986
elapsed_time_chunk=6.996029
