[results]
loss=1.7256699
err=0.49248263
elapsed_time_chunk=6.121922
