[results]
loss=1.6770512
err=0.48115215
elapsed_time_chunk=6.871892
