[results]
loss=1.753531
err=0.49658614
elapsed_time_chunk=6.518450
