[results]
loss=2.5666015
err=0.6507033
elapsed_time_chunk=6.160057
