[results]
loss=1.601119
err=0.46417403
elapsed_time_chunk=6.193663
