[results]
loss=2.1873415
err=0.58200693
elapsed_time_chunk=5.654431
