[results]
loss=1.7538538
err=0.49823046
elapsed_time_chunk=6.343395
