[results]
loss=1.917851
err=0.5301783
elapsed_time_chunk=6.017576
