[results]
loss=5.5180874
err=0.89009273
elapsed_time_chunk=6.157198
