[results]
loss=1.5866951
err=0.4612202
elapsed_time_chunk=5.958873
