[results]
loss=2.3332565
err=0.61053544
elapsed_time_chunk=6.445437
