[results]
loss=2.213744
err=0.58791965
elapsed_time_chunk=6.091930
