[results]
loss=2.8905077
err=0.6998647
elapsed_time_chunk=5.732694
