[results]
loss=1.756236
err=0.49882284
elapsed_time_chunk=6.022007
