[results]
loss=1.5771313
err=0.4570648
elapsed_time_chunk=6.479457
