[results]
loss=1.8784171
err=0.52258456
elapsed_time_chunk=6.203882
