[results]
loss=1.8641586
err=0.5191921
elapsed_time_chunk=5.645272
