[results]
loss=1.6549098
err=0.47533464
elapsed_time_chunk=5.901547
