[results]
loss=1.7475185
err=0.4971344
elapsed_time_chunk=5.623488
