[results]
loss=2.1174622
err=0.5694673
elapsed_time_chunk=6.395747
