[results]
loss=1.5746913
err=0.45860025
elapsed_time_chunk=6.258453
