[results]
loss=2.1307492
err=0.57232994
elapsed_time_chunk=6.380255
