[results]
loss=1.6013418
err=0.46274596
elapsed_time_chunk=6.131486
