[results]
loss=1.8868755
err=0.5257334
elapsed_time_chunk=5.477273
