[results]
loss=1.910574
err=0.5300387
elapsed_time_chunk=6.312727
