[results]
loss=1.77187
err=0.50122845
elapsed_time_chunk=10.262289
