[results]
loss=1.7073258
err=0.48637006
elapsed_time_chunk=7.487916
