[results]
loss=1.8804884
err=0.523064
elapsed_time_chunk=6.144799
