[results]
loss=2.0517936
err=0.5553546
elapsed_time_chunk=6.342896
