[results]
loss=1.8142498
err=0.5103626
elapsed_time_chunk=6.097122
