[results]
loss=1.7213467
err=0.49007022
elapsed_time_chunk=6.079180
