[results]
loss=2.6477146
err=0.66207
elapsed_time_chunk=6.409836
