[results]
loss=1.594579
err=0.4634099
elapsed_time_chunk=7.147391
