[results]
loss=1.7871174
err=0.5041537
elapsed_time_chunk=6.125294
