[results]
loss=2.2308488
err=0.5928435
elapsed_time_chunk=5.881661
