[results]
loss=1.6526049
err=0.47219223
elapsed_time_chunk=6.193854
