[results]
loss=2.2231398
err=0.589181
elapsed_time_chunk=6.133474
