[results]
loss=3.0884478
err=0.7253816
elapsed_time_chunk=6.371078
