[results]
loss=2.3616917
err=0.6178488
elapsed_time_chunk=6.288030
