[results]
loss=1.6749634
err=0.47956493
elapsed_time_chunk=7.996006
