[results]
loss=2.195146
err=0.58386046
elapsed_time_chunk=6.102144
