[results]
loss=2.3110495
err=0.6069298
elapsed_time_chunk=5.704747
