[results]
loss=2.0734394
err=0.5601069
elapsed_time_chunk=6.010017
