[results]
loss=2.126536
err=0.5722759
elapsed_time_chunk=6.267548
