[results]
loss=2.084894
err=0.5633705
elapsed_time_chunk=6.103822
