[results]
loss=2.1582522
err=0.57740873
elapsed_time_chunk=6.415662
