[results]
loss=2.0722558
err=0.5603529
elapsed_time_chunk=6.142487
