[results]
loss=2.3851998
err=0.62159145
elapsed_time_chunk=5.636373
