[results]
loss=3.5049639
err=0.78274965
elapsed_time_chunk=6.156850
