[results]
loss=2.0723376
err=0.55968446
elapsed_time_chunk=5.522205
