[results]
loss=2.807957
err=0.6921695
elapsed_time_chunk=6.132891
