[results]
loss=2.3009794
err=0.60612947
elapsed_time_chunk=5.981813
