[results]
loss=3.788914
err=0.8079582
elapsed_time_chunk=6.050308
