[results]
loss=2.6019344
err=0.6548348
elapsed_time_chunk=6.237305
