[results]
loss=2.2021148
err=0.58638746
elapsed_time_chunk=6.556261
