[results]
loss=2.0908544
err=0.5626876
elapsed_time_chunk=6.499420
