[results]
loss=2.3171582
err=0.6084429
elapsed_time_chunk=6.038844
