[results]
loss=2.1791408
err=0.58313805
elapsed_time_chunk=6.699551
