[results]
loss=2.7918725
err=0.6892604
elapsed_time_chunk=6.133526
