[results]
loss=1.9912643
err=0.54422295
elapsed_time_chunk=10.366349
