[results]
loss=3.0654106
err=0.7268691
elapsed_time_chunk=6.260288
