[results]
loss=2.5061913
err=0.64100957
elapsed_time_chunk=6.855170
