[results]
loss=2.344368
err=0.61307096
elapsed_time_chunk=6.475153
