[results]
loss=2.68058
err=0.6689013
elapsed_time_chunk=5.737884
