[results]
loss=2.1146057
err=0.56970644
elapsed_time_chunk=6.117481
