[results]
loss=2.4530103
err=0.63045675
elapsed_time_chunk=10.115684
