[results]
loss=2.396709
err=0.62212783
elapsed_time_chunk=6.262882
