[results]
loss=2.5259914
err=0.6441949
elapsed_time_chunk=6.433974
