[results]
loss=2.3118598
err=0.6075145
elapsed_time_chunk=6.089038
