[results]
loss=2.110243
err=0.56699485
elapsed_time_chunk=5.780524
