[results]
loss=2.2311
err=0.59306
elapsed_time_chunk=6.867514
