[results]
loss=2.054194
err=0.5568694
elapsed_time_chunk=5.785001
