[results]
loss=2.4325519
err=0.6276145
elapsed_time_chunk=5.644576
