[results]
loss=2.5399554
err=0.6472271
elapsed_time_chunk=6.354161
