[results]
loss=2.1917224
err=0.5872725
elapsed_time_chunk=5.999217
