[results]
loss=2.7614615
err=0.68463606
elapsed_time_chunk=6.170843
