[results]
loss=2.0393765
err=0.554091
elapsed_time_chunk=6.220275
