[results]
loss=2.0319302
err=0.5516156
elapsed_time_chunk=6.681382
