[results]
loss=2.236583
err=0.5924811
elapsed_time_chunk=6.675982
