[results]
loss=2.0065844
err=0.5465937
elapsed_time_chunk=7.435377
