[results]
loss=2.9820092
err=0.717094
elapsed_time_chunk=6.488497
