[results]
loss=2.379411
err=0.61755353
elapsed_time_chunk=5.960557
