[results]
loss=2.2850363
err=0.6019414
elapsed_time_chunk=5.644726
