[results]
loss=2.4899986
err=0.6377197
elapsed_time_chunk=5.691041
