[results]
loss=2.627653
err=0.6617355
elapsed_time_chunk=6.587911
