[results]
loss=2.3631086
err=0.61599165
elapsed_time_chunk=5.733645
