[results]
loss=2.0678852
err=0.5600999
elapsed_time_chunk=5.608291
