[results]
loss=2.216517
err=0.58637816
elapsed_time_chunk=5.670718
