[results]
loss=2.1937644
err=0.5834276
elapsed_time_chunk=6.141891
