[results]
loss=2.019029
err=0.54940003
elapsed_time_chunk=6.087861
