[results]
loss=2.4052446
err=0.62176114
elapsed_time_chunk=6.241028
