[results]
loss=2.5062168
err=0.641702
elapsed_time_chunk=7.280115
