[results]
loss=2.0319796
err=0.55132544
elapsed_time_chunk=5.607917
