[results]
loss=2.621888
err=0.66211814
elapsed_time_chunk=6.758337
