[results]
loss=2.1944613
err=0.58335865
elapsed_time_chunk=6.095713
