[results]
loss=2.1906195
err=0.5852985
elapsed_time_chunk=6.431506
