[results]
loss=2.0390015
err=0.5547753
elapsed_time_chunk=6.170207
