[results]
loss=2.9618878
err=0.71301067
elapsed_time_chunk=6.448476
