[results]
loss=2.2640188
err=0.5985958
elapsed_time_chunk=6.212224
