[results]
loss=3.1454184
err=0.7412348
elapsed_time_chunk=6.194908
