[results]
loss=2.1524482
err=0.5786833
elapsed_time_chunk=6.176546
