[results]
loss=2.2455504
err=0.5963556
elapsed_time_chunk=6.824394
