[results]
loss=2.0185359
err=0.54959434
elapsed_time_chunk=10.959379
