[results]
loss=2.428509
err=0.6282867
elapsed_time_chunk=6.289664
