[results]
loss=2.0196733
err=0.55168366
elapsed_time_chunk=6.424658
