[results]
loss=5.6407056
err=0.9024757
elapsed_time_chunk=6.243042
