[results]
loss=2.1108396
err=0.5690734
elapsed_time_chunk=6.144205
