[results]
loss=2.2811334
err=0.6013031
elapsed_time_chunk=6.192095
