[results]
loss=2.030449
err=0.5551867
elapsed_time_chunk=6.507020
