[results]
loss=2.034549
err=0.5533689
elapsed_time_chunk=6.130833
