[results]
loss=2.2805183
err=0.6012137
elapsed_time_chunk=6.421172
