[results]
loss=2.0419414
err=0.5531503
elapsed_time_chunk=6.113281
