[results]
loss=2.7248018
err=0.67590946
elapsed_time_chunk=6.122854
