[results]
loss=4.383978
err=0.8493953
elapsed_time_chunk=6.130602
