[results]
loss=2.211
err=0.58889663
elapsed_time_chunk=6.114339
