[results]
loss=2.1541958
err=0.5784119
elapsed_time_chunk=6.038461
