[results]
loss=2.9082298
err=0.70653987
elapsed_time_chunk=5.685059
