[results]
loss=2.0314324
err=0.5533393
elapsed_time_chunk=6.425258
