[results]
loss=2.0678833
err=0.55700994
elapsed_time_chunk=6.817056
