[results]
loss=2.0663683
err=0.5589799
elapsed_time_chunk=6.160532
