[results]
loss=2.2314446
err=0.59042865
elapsed_time_chunk=6.086832
