[results]
loss=2.0426347
err=0.5543599
elapsed_time_chunk=6.102492
