[results]
loss=2.1421466
err=0.57477045
elapsed_time_chunk=6.136616
