[results]
loss=2.3813784
err=0.62049794
elapsed_time_chunk=6.070044
