[results]
loss=2.1682103
err=0.5779135
elapsed_time_chunk=6.440882
