[results]
loss=2.3314939
err=0.60851973
elapsed_time_chunk=6.257798
