[results]
loss=2.2555268
err=0.5949306
elapsed_time_chunk=6.061524
