[results]
loss=2.0448427
err=0.55503744
elapsed_time_chunk=6.441618
