[results]
loss=2.02189
err=0.5475454
elapsed_time_chunk=5.510247
