[results]
loss=2.174436
err=0.58012676
elapsed_time_chunk=5.637135
