[results]
loss=2.0667615
err=0.5575477
elapsed_time_chunk=6.897079
