[results]
loss=2.171076
err=0.5797619
elapsed_time_chunk=8.662540
