[results]
loss=2.0398026
err=0.5542672
elapsed_time_chunk=6.392997
