[results]
loss=2.0739121
err=0.56231904
elapsed_time_chunk=6.297568
