[results]
loss=2.291488
err=0.60220736
elapsed_time_chunk=6.218703
