[results]
loss=2.4434004
err=0.62852794
elapsed_time_chunk=6.392719
