[results]
loss=2.043123
err=0.5550308
elapsed_time_chunk=6.084660
