[results]
loss=2.5699122
err=0.6514209
elapsed_time_chunk=5.611738
