[results]
loss=2.0477111
err=0.55601114
elapsed_time_chunk=5.750743
