[results]
loss=3.3082397
err=0.7598333
elapsed_time_chunk=5.741899
