[results]
loss=2.3184104
err=0.6085375
elapsed_time_chunk=6.073748
