[results]
loss=2.309743
err=0.6032863
elapsed_time_chunk=6.232268
