[results]
loss=2.623178
err=0.662377
elapsed_time_chunk=6.404411
