[results]
loss=2.153125
err=0.57720697
elapsed_time_chunk=5.578876
