[results]
loss=2.0530577
err=0.55546874
elapsed_time_chunk=6.183362
