[results]
loss=2.0815766
err=0.5623482
elapsed_time_chunk=6.504064
