[results]
loss=2.1485362
err=0.57679236
elapsed_time_chunk=6.162337
