[results]
loss=2.0489213
err=0.5574529
elapsed_time_chunk=6.199391
