[results]
loss=2.2834969
err=0.60153615
elapsed_time_chunk=6.587542
