[results]
loss=2.2171252
err=0.58852845
elapsed_time_chunk=6.063058
