[results]
loss=2.2149653
err=0.59035283
elapsed_time_chunk=5.649232
