[results]
loss=2.235685
err=0.5920412
elapsed_time_chunk=6.186378
