[results]
loss=2.1429648
err=0.5757284
elapsed_time_chunk=7.796240
