[results]
loss=2.3709798
err=0.61613786
elapsed_time_chunk=6.458752
