[results]
loss=2.266343
err=0.59690315
elapsed_time_chunk=5.758068
