[results]
loss=2.160457
err=0.5804564
elapsed_time_chunk=6.273420
