[results]
loss=2.175848
err=0.5788144
elapsed_time_chunk=8.083062
