[results]
loss=2.1643612
err=0.5798533
elapsed_time_chunk=6.103082
