[results]
loss=2.128382
err=0.5713914
elapsed_time_chunk=6.150214
