[results]
loss=2.4589918
err=0.63487655
elapsed_time_chunk=6.105066
