[results]
loss=1.3112959
err=0.39520094
elapsed_time_chunk=7.489053
