[results]
loss=2.485349
err=0.63654816
elapsed_time_chunk=6.966759
