[results]
loss=1.6637002
err=0.47769135
elapsed_time_chunk=6.235172
