[results]
loss=1.9108855
err=0.5287161
elapsed_time_chunk=5.959039
