[results]
loss=1.4961107
err=0.4386633
elapsed_time_chunk=7.273132
