[results]
loss=1.5362028
err=0.4483807
elapsed_time_chunk=8.099629
