[results]
loss=1.7076453
err=0.48562464
elapsed_time_chunk=6.927365
