[results]
loss=1.4182861
err=0.42175955
elapsed_time_chunk=6.167459
