[results]
loss=1.4759636
err=0.43689728
elapsed_time_chunk=8.841729
