[results]
loss=1.8572459
err=0.5167208
elapsed_time_chunk=7.200887
