[results]
loss=1.9826407
err=0.5439359
elapsed_time_chunk=8.147848
