[results]
loss=1.3660574
err=0.4064635
elapsed_time_chunk=6.592088
