[results]
loss=1.5385963
err=0.44953918
elapsed_time_chunk=6.636061
