[results]
loss=1.3104777
err=0.3957286
elapsed_time_chunk=13.251550
