[results]
loss=1.396828
err=0.4162562
elapsed_time_chunk=7.307014
