[results]
loss=1.9063511
err=0.5291093
elapsed_time_chunk=6.208444
