[results]
loss=1.6546494
err=0.4771528
elapsed_time_chunk=6.271682
