[results]
loss=1.3218658
err=0.3981125
elapsed_time_chunk=6.425730
