[results]
loss=1.5384105
err=0.4478931
elapsed_time_chunk=6.045984
