[results]
loss=1.4814125
err=0.4370551
elapsed_time_chunk=6.574341
