[results]
loss=1.5920259
err=0.46226424
elapsed_time_chunk=7.877835
