[results]
loss=1.54598
err=0.45241395
elapsed_time_chunk=11.671441
