[results]
loss=1.3603882
err=0.4075942
elapsed_time_chunk=5.597054
