[results]
loss=1.6527474
err=0.47623715
elapsed_time_chunk=6.275519
