[results]
loss=1.3272619
err=0.39950585
elapsed_time_chunk=8.641475
