[results]
loss=1.6602361
err=0.47664732
elapsed_time_chunk=7.213259
