[results]
loss=2.0266314
err=0.5527651
elapsed_time_chunk=6.246324
