[results]
loss=1.6431417
err=0.47282797
elapsed_time_chunk=7.312899
