[results]
loss=1.5430228
err=0.45181024
elapsed_time_chunk=8.411567
