[results]
loss=1.9125946
err=0.52937895
elapsed_time_chunk=6.146548
