[results]
loss=1.6932831
err=0.4831431
elapsed_time_chunk=6.490486
