[results]
loss=1.740708
err=0.49280655
elapsed_time_chunk=6.620158
