[results]
loss=2.0037067
err=0.54704463
elapsed_time_chunk=6.761973
