[results]
loss=1.3802581
err=0.4116477
elapsed_time_chunk=7.992209
