[results]
loss=1.3392915
err=0.40358493
elapsed_time_chunk=7.644530
