[results]
loss=1.3318006
err=0.3987651
elapsed_time_chunk=6.217345
