[results]
loss=1.3258425
err=0.397687
elapsed_time_chunk=8.253069
