[results]
loss=1.5374764
err=0.44898453
elapsed_time_chunk=9.067806
