[results]
loss=1.7806283
err=0.50277746
elapsed_time_chunk=6.791023
