[results]
loss=1.3334754
err=0.3997027
elapsed_time_chunk=6.545518
