[results]
loss=2.0020294
err=0.54747325
elapsed_time_chunk=6.281008
