[results]
loss=1.3176397
err=0.39584523
elapsed_time_chunk=6.177233
