[results]
loss=1.4241781
err=0.42210677
elapsed_time_chunk=8.230851
