[results]
loss=2.662764
err=0.66341215
elapsed_time_chunk=5.805221
