[results]
loss=1.3064224
err=0.3932782
elapsed_time_chunk=6.192593
