[results]
loss=1.653237
err=0.4764175
elapsed_time_chunk=8.422261
