[results]
loss=1.5209888
err=0.44804642
elapsed_time_chunk=6.550640
