[results]
loss=2.4316838
err=0.62468034
elapsed_time_chunk=6.245864
