[results]
loss=2.1701455
err=0.5783122
elapsed_time_chunk=6.274499
