[results]
loss=1.3680813
err=0.40680772
elapsed_time_chunk=6.483572
