[results]
loss=2.3387017
err=0.60943335
elapsed_time_chunk=6.263049
