[results]
loss=1.2971046
err=0.3915357
elapsed_time_chunk=7.663271
