[results]
loss=1.5074478
err=0.44241568
elapsed_time_chunk=8.668321
