[results]
loss=1.5085301
err=0.44245633
elapsed_time_chunk=6.166136
