[results]
loss=2.8559098
err=0.6918687
elapsed_time_chunk=6.363784
