[results]
loss=1.6289092
err=0.4701781
elapsed_time_chunk=8.191330
