[results]
loss=1.58184
err=0.45742124
elapsed_time_chunk=7.433178
