[results]
loss=1.7820579
err=0.50148153
elapsed_time_chunk=9.092421
