[results]
loss=1.3784981
err=0.41179636
elapsed_time_chunk=6.673231
