[results]
loss=3.1581094
err=0.72734964
elapsed_time_chunk=6.032152
