[results]
loss=1.6086822
err=0.46521294
elapsed_time_chunk=6.796310
