[results]
loss=1.3135306
err=0.39748618
elapsed_time_chunk=7.425742
