[results]
loss=1.5079702
err=0.44300598
elapsed_time_chunk=7.941781
