[results]
loss=2.1500506
err=0.57759076
elapsed_time_chunk=6.413373
