[results]
loss=1.6703514
err=0.47832167
elapsed_time_chunk=5.948954
