[results]
loss=1.6495197
err=0.47373316
elapsed_time_chunk=7.379990
