[results]
loss=1.8439702
err=0.51396924
elapsed_time_chunk=7.891828
