[results]
loss=1.5065814
err=0.4431431
elapsed_time_chunk=7.656764
