[results]
loss=1.5559193
err=0.45417228
elapsed_time_chunk=6.820600
