[results]
loss=1.6057453
err=0.46368775
elapsed_time_chunk=6.372651
