[results]
loss=2.297393
err=0.602985
elapsed_time_chunk=8.906105
