[results]
loss=3.9058688
err=0.7969151
elapsed_time_chunk=6.269663
