[results]
loss=1.3168764
err=0.3959391
elapsed_time_chunk=5.914910
