[results]
loss=2.0912178
err=0.5628299
elapsed_time_chunk=5.964611
