[results]
loss=1.8408885
err=0.51272833
elapsed_time_chunk=8.957365
