[results]
loss=1.4595131
err=0.43019748
elapsed_time_chunk=5.996571
