[results]
loss=1.9048668
err=0.5272073
elapsed_time_chunk=6.061893
