[results]
loss=2.0078619
err=0.5484638
elapsed_time_chunk=6.922318
