[results]
loss=1.558055
err=0.45302075
elapsed_time_chunk=5.915170
