[results]
loss=1.5762987
err=0.4592656
elapsed_time_chunk=6.377760
