[results]
loss=1.3930134
err=0.41503623
elapsed_time_chunk=6.386012
