[results]
loss=1.3545686
err=0.40610072
elapsed_time_chunk=8.352109
