[results]
loss=1.7094725
err=0.4874764
elapsed_time_chunk=9.867230
