[results]
loss=1.4131618
err=0.418909
elapsed_time_chunk=6.014213
