[results]
loss=1.5250959
err=0.44804552
elapsed_time_chunk=5.974935
