[results]
loss=1.5797615
err=0.45887813
elapsed_time_chunk=6.521336
