[results]
loss=1.4802035
err=0.43741503
elapsed_time_chunk=6.328478
