[results]
loss=1.3887146
err=0.41363838
elapsed_time_chunk=6.643046
