[results]
loss=1.7683613
err=0.5004255
elapsed_time_chunk=6.122182
