[results]
loss=1.3269774
err=0.40010875
elapsed_time_chunk=7.578512
