[results]
loss=1.5160912
err=0.444272
elapsed_time_chunk=6.304983
