[results]
loss=1.79491
err=0.50544006
elapsed_time_chunk=9.311507
