[results]
loss=1.3034822
err=0.39269787
elapsed_time_chunk=6.263983
