[results]
loss=1.5947218
err=0.46432957
elapsed_time_chunk=12.456350
