[results]
loss=1.6126114
err=0.46652487
elapsed_time_chunk=6.525433
