[results]
loss=1.4662164
err=0.43207
elapsed_time_chunk=10.219315
