[results]
loss=1.677431
err=0.48057458
elapsed_time_chunk=6.531631
