[results]
loss=1.7621403
err=0.49861512
elapsed_time_chunk=8.535915
