[results]
loss=1.3923728
err=0.41505477
elapsed_time_chunk=7.256881
