[results]
loss=1.7253108
err=0.49131948
elapsed_time_chunk=8.149554
