[results]
loss=1.3538243
err=0.40427232
elapsed_time_chunk=6.155117
