[results]
loss=1.5395633
err=0.45000532
elapsed_time_chunk=6.664612
