[results]
loss=1.3205006
err=0.39650238
elapsed_time_chunk=6.000374
