[results]
loss=1.3364803
err=0.40249687
elapsed_time_chunk=7.696155
