[results]
loss=2.1295645
err=0.5716573
elapsed_time_chunk=6.936737
