[results]
loss=1.8359045
err=0.5148792
elapsed_time_chunk=6.362443
