[results]
loss=1.9031905
err=0.5275962
elapsed_time_chunk=5.660197
