[results]
loss=1.7986926
err=0.5054408
elapsed_time_chunk=6.940559
