[results]
loss=1.6926882
err=0.48267743
elapsed_time_chunk=6.196822
