[results]
loss=1.7546653
err=0.49746227
elapsed_time_chunk=8.695375
