[results]
loss=1.4000713
err=0.4179598
elapsed_time_chunk=9.190787
