[results]
loss=1.2896577
err=0.38936853
elapsed_time_chunk=7.849261
