[results]
loss=1.4743351
err=0.43553704
elapsed_time_chunk=6.525746
