[results]
loss=5.3997226
err=0.88303685
elapsed_time_chunk=6.438654
