[results]
loss=2.1711957
err=0.5813581
elapsed_time_chunk=6.741878
