[results]
loss=2.3523188
err=0.6125623
elapsed_time_chunk=5.998366
