[results]
loss=1.3295323
err=0.39944956
elapsed_time_chunk=6.236174
