[results]
loss=1.3195744
err=0.39854005
elapsed_time_chunk=7.448938
