[results]
loss=1.588944
err=0.45963544
elapsed_time_chunk=6.222202
