[results]
loss=1.4358639
err=0.4235404
elapsed_time_chunk=5.760833
