[results]
loss=1.8507068
err=0.51348275
elapsed_time_chunk=5.928133
