[results]
loss=1.4499623
err=0.42675048
elapsed_time_chunk=6.561537
