[results]
loss=2.6584597
err=0.65545976
elapsed_time_chunk=6.425677
