[results]
loss=1.3465456
err=0.4043606
elapsed_time_chunk=6.422781
