[results]
loss=1.5874491
err=0.4588701
elapsed_time_chunk=6.480115
