[results]
loss=1.8884802
err=0.5232666
elapsed_time_chunk=6.527299
