[results]
loss=1.1925924
err=0.36455217
elapsed_time_chunk=6.399293
