[results]
loss=1.0744983
err=0.3337003
elapsed_time_chunk=6.801299
