[results]
loss=1.4977355
err=0.43770912
elapsed_time_chunk=7.011828
