[results]
loss=1.0480393
err=0.3269972
elapsed_time_chunk=6.425895
