[results]
loss=1.4405061
err=0.4274279
elapsed_time_chunk=6.617244
