[results]
loss=1.3972347
err=0.4157826
elapsed_time_chunk=6.381907
