[results]
loss=1.9204491
err=0.5292534
elapsed_time_chunk=6.601270
