[results]
loss=2.1141808
err=0.566453
elapsed_time_chunk=6.412786
