[results]
loss=1.0055674
err=0.31433666
elapsed_time_chunk=5.814744
