[results]
loss=1.0956837
err=0.33792892
elapsed_time_chunk=6.125384
