[results]
loss=1.0080715
err=0.31462198
elapsed_time_chunk=7.002897
