[results]
loss=3.002163
err=0.6994608
elapsed_time_chunk=6.511045
