[results]
loss=1.4050496
err=0.41713786
elapsed_time_chunk=6.356430
