[results]
loss=0.99242365
err=0.3111684
elapsed_time_chunk=6.459022
