[results]
loss=0.9818104
err=0.30802503
elapsed_time_chunk=6.377452
