[results]
loss=0.99212587
err=0.31186718
elapsed_time_chunk=6.390006
