[results]
loss=1.0451694
err=0.32562256
elapsed_time_chunk=6.043756
