[results]
loss=1.6487616
err=0.4734187
elapsed_time_chunk=6.500911
