[results]
loss=1.0917315
err=0.33622834
elapsed_time_chunk=6.360429
