[results]
loss=1.5576711
err=0.45285866
elapsed_time_chunk=6.344572
