[results]
loss=1.4201965
err=0.42147696
elapsed_time_chunk=5.908607
