[results]
loss=1.2077456
err=0.36610442
elapsed_time_chunk=6.432312
