[results]
loss=1.0960436
err=0.33803645
elapsed_time_chunk=6.015394
