[results]
loss=0.97437805
err=0.30591965
elapsed_time_chunk=6.538313
