[results]
loss=2.0962431
err=0.5620378
elapsed_time_chunk=6.325863
