[results]
loss=1.2139275
err=0.36949584
elapsed_time_chunk=6.291393
