[results]
loss=1.0281899
err=0.32038397
elapsed_time_chunk=6.501356
