[results]
loss=1.5221834
err=0.44395342
elapsed_time_chunk=6.369636
