[results]
loss=1.1068288
err=0.34233686
elapsed_time_chunk=7.002117
