[results]
loss=1.0007763
err=0.3125136
elapsed_time_chunk=6.500410
