[results]
loss=2.2516103
err=0.5920705
elapsed_time_chunk=6.666438
