[results]
loss=1.1996672
err=0.3660046
elapsed_time_chunk=6.261208
