[results]
loss=1.4168448
err=0.42028412
elapsed_time_chunk=6.485819
