[results]
loss=1.1226436
err=0.34731913
elapsed_time_chunk=6.407093
