[results]
loss=1.9174665
err=0.53025484
elapsed_time_chunk=6.519882
