[results]
loss=1.4971474
err=0.4390589
elapsed_time_chunk=6.675428
