[results]
loss=0.99194396
err=0.31097743
elapsed_time_chunk=6.377526
