[results]
loss=1.4831004
err=0.43619865
elapsed_time_chunk=6.219914
