[results]
loss=0.9666294
err=0.30220598
elapsed_time_chunk=6.416068
