[results]
loss=1.0131803
err=0.3158501
elapsed_time_chunk=6.503336
