[results]
loss=1.238746
err=0.3765121
elapsed_time_chunk=6.300211
