[results]
loss=2.06634
err=0.5591973
elapsed_time_chunk=5.959002
