[results]
loss=1.6577002
err=0.47580332
elapsed_time_chunk=6.502651
