[results]
loss=1.5215219
err=0.44562533
elapsed_time_chunk=6.663080
