[results]
loss=1.0063965
err=0.3154708
elapsed_time_chunk=5.697131
