[results]
loss=0.9875845
err=0.3081647
elapsed_time_chunk=5.846376
