[results]
loss=1.6510501
err=0.47256768
elapsed_time_chunk=5.949404
