[results]
loss=1.05794
err=0.32868397
elapsed_time_chunk=6.297681
