[results]
loss=1.9094094
err=0.5287933
elapsed_time_chunk=6.442751
