[results]
loss=1.1466488
err=0.35189882
elapsed_time_chunk=6.259016
