[results]
loss=1.2136743
err=0.36941144
elapsed_time_chunk=6.609087
