[results]
loss=0.98640406
err=0.30914345
elapsed_time_chunk=6.399471
