[results]
loss=1.7403252
err=0.49237785
elapsed_time_chunk=5.827910
