[results]
loss=1.0516344
err=0.3285083
elapsed_time_chunk=5.757198
