[results]
loss=5.394398
err=0.87695754
elapsed_time_chunk=6.546033
