[results]
loss=1.3295366
err=0.39904287
elapsed_time_chunk=6.671340
