[results]
loss=0.9787838
err=0.30703795
elapsed_time_chunk=6.644629
