[results]
loss=1.1074737
err=0.34209388
elapsed_time_chunk=6.302942
