[results]
loss=1.0174989
err=0.31741148
elapsed_time_chunk=5.872679
