[results]
loss=0.99156433
err=0.3122157
elapsed_time_chunk=6.424411
