[results]
loss=1.2837056
err=0.38689092
elapsed_time_chunk=6.319790
