[results]
loss=0.9789833
err=0.30685198
elapsed_time_chunk=6.545714
