[results]
loss=1.141536
err=0.35130373
elapsed_time_chunk=6.167222
