[results]
loss=1.1572326
err=0.35508874
elapsed_time_chunk=6.318996
