[results]
loss=0.9930955
err=0.31182706
elapsed_time_chunk=5.942045
