[results]
loss=1.1779948
err=0.3606501
elapsed_time_chunk=6.559967
