[results]
loss=1.0010082
err=0.3117942
elapsed_time_chunk=6.658910
