[results]
loss=0.9846706
err=0.30954012
elapsed_time_chunk=7.240292
