[results]
loss=0.9871488
err=0.3095028
elapsed_time_chunk=6.410504
