[results]
loss=1.7573335
err=0.4962342
elapsed_time_chunk=6.336282
