[results]
loss=0.99289006
err=0.30978733
elapsed_time_chunk=6.897860
