[results]
loss=0.9851132
err=0.3085786
elapsed_time_chunk=7.112242
