[results]
loss=1.37523
err=0.41049004
elapsed_time_chunk=6.128895
