[results]
loss=1.2084777
err=0.36788592
elapsed_time_chunk=6.431844
