[results]
loss=1.4675835
err=0.43339446
elapsed_time_chunk=6.543707
