[results]
loss=1.5776745
err=0.4565007
elapsed_time_chunk=6.409357
