[results]
loss=0.98312116
err=0.3081241
elapsed_time_chunk=6.499657
