[results]
loss=1.2521814
err=0.3784218
elapsed_time_chunk=5.888779
