[results]
loss=1.0552778
err=0.3283082
elapsed_time_chunk=6.548988
