[results]
loss=1.3797631
err=0.41192365
elapsed_time_chunk=6.289721
