[results]
loss=2.4452646
err=0.62470317
elapsed_time_chunk=6.067930
