[results]
loss=1.0763097
err=0.33385855
elapsed_time_chunk=6.606328
