[results]
loss=1.1061705
err=0.3420311
elapsed_time_chunk=5.873352
