[results]
loss=1.3542607
err=0.40573213
elapsed_time_chunk=6.406434
