[results]
loss=1.5135307
err=0.44230837
elapsed_time_chunk=6.177506
