[results]
loss=0.99718595
err=0.31191963
elapsed_time_chunk=6.377493
