[results]
loss=1.0951077
err=0.33860928
elapsed_time_chunk=6.553737
