[results]
loss=2.1958485
err=0.5813875
elapsed_time_chunk=6.491977
