[results]
loss=1.0446107
err=0.3239879
elapsed_time_chunk=6.504538
