[results]
loss=1.5864099
err=0.45903763
elapsed_time_chunk=5.941052
