[results]
loss=1.0859799
err=0.33760086
elapsed_time_chunk=6.571763
