[results]
loss=0.9886664
err=0.30993596
elapsed_time_chunk=6.486072
