[results]
loss=0.9848633
err=0.3079394
elapsed_time_chunk=5.945587
