[results]
loss=0.9979892
err=0.3124596
elapsed_time_chunk=6.498073
