[results]
loss=1.2564362
err=0.38103634
elapsed_time_chunk=6.400845
