[results]
loss=1.7806454
err=0.5012527
elapsed_time_chunk=6.278967
