[results]
loss=0.9919121
err=0.31124353
elapsed_time_chunk=6.256748
