[results]
loss=3.8354704
err=0.78149074
elapsed_time_chunk=6.715571
