[results]
loss=1.3438168
err=0.4029171
elapsed_time_chunk=6.388059
