[results]
loss=1.0145855
err=0.31745115
elapsed_time_chunk=6.589261
