[results]
loss=1.7561064
err=0.4954464
elapsed_time_chunk=6.534214
