[results]
loss=1.1916449
err=0.3644071
elapsed_time_chunk=6.008784
