[results]
loss=1.7362945
err=0.4914397
elapsed_time_chunk=6.525719
