[results]
loss=1.013106
err=0.31558928
elapsed_time_chunk=6.674194
