[results]
loss=1.0331659
err=0.32092902
elapsed_time_chunk=6.508616
