[results]
loss=1.0312992
err=0.32149798
elapsed_time_chunk=6.380487
