[results]
loss=1.0376182
err=0.32410753
elapsed_time_chunk=6.404742
