[results]
loss=1.6431876
err=0.47178724
elapsed_time_chunk=7.224607
