[results]
loss=1.0181605
err=0.31940624
elapsed_time_chunk=6.828922
