[results]
loss=1.018934
err=0.31804293
elapsed_time_chunk=6.284986
