[results]
loss=1.1306747
err=0.3493837
elapsed_time_chunk=6.281918
