[results]
loss=1.0473402
err=0.3249025
elapsed_time_chunk=6.320033
