[results]
loss=1.6492876
err=0.47284907
elapsed_time_chunk=6.539824
