[results]
loss=1.3593754
err=0.40848598
elapsed_time_chunk=6.381742
