[results]
loss=2.3881733
err=0.6215258
elapsed_time_chunk=6.721916
