[results]
loss=2.719673
err=0.6776694
elapsed_time_chunk=6.229959
