[results]
loss=2.585205
err=0.65412414
elapsed_time_chunk=5.635888
