[results]
loss=2.2425115
err=0.59369665
elapsed_time_chunk=6.189894
