[results]
loss=2.5263114
err=0.6437988
elapsed_time_chunk=6.878719
