[results]
loss=2.1257336
err=0.5708705
elapsed_time_chunk=6.030448
