[results]
loss=2.122417
err=0.5672677
elapsed_time_chunk=5.632800
