[results]
loss=2.488928
err=0.6388348
elapsed_time_chunk=6.249141
