[results]
loss=2.1339314
err=0.57103586
elapsed_time_chunk=6.040490
