[results]
loss=2.3793464
err=0.6192579
elapsed_time_chunk=5.582943
