[results]
loss=3.0810418
err=0.73191774
elapsed_time_chunk=6.388599
