[results]
loss=3.6144938
err=0.7951419
elapsed_time_chunk=6.002040
