[results]
loss=2.7746208
err=0.6839061
elapsed_time_chunk=5.729935
