[results]
loss=2.6677403
err=0.6687367
elapsed_time_chunk=5.813715
