[results]
loss=2.2245243
err=0.5910268
elapsed_time_chunk=6.259374
