[results]
loss=2.3315291
err=0.61030793
elapsed_time_chunk=6.217888
