[results]
loss=2.3741262
err=0.6186955
elapsed_time_chunk=6.218740
