[results]
loss=2.2390778
err=0.5942735
elapsed_time_chunk=6.116847
