[results]
loss=3.251145
err=0.75525117
elapsed_time_chunk=6.754634
