[results]
loss=2.5279028
err=0.64539516
elapsed_time_chunk=7.977657
