[results]
loss=2.1407647
err=0.57230467
elapsed_time_chunk=5.551581
