[results]
loss=2.1373904
err=0.5751767
elapsed_time_chunk=6.383661
