[results]
loss=2.9117966
err=0.709411
elapsed_time_chunk=6.217688
