[results]
loss=2.462342
err=0.6326132
elapsed_time_chunk=6.540555
