[results]
loss=2.1689837
err=0.57845783
elapsed_time_chunk=5.632189
