[results]
loss=2.3935938
err=0.6212411
elapsed_time_chunk=6.154832
