[results]
loss=2.2687712
err=0.59778184
elapsed_time_chunk=6.166898
