[results]
loss=2.4808824
err=0.63744754
elapsed_time_chunk=5.785353
