[results]
loss=2.6011608
err=0.655843
elapsed_time_chunk=6.037539
