[results]
loss=2.2535357
err=0.595607
elapsed_time_chunk=6.811519
