[results]
loss=2.2881727
err=0.60390896
elapsed_time_chunk=6.142569
