[results]
loss=2.2051024
err=0.5882257
elapsed_time_chunk=6.143466
