[results]
loss=2.3249578
err=0.60962427
elapsed_time_chunk=6.167282
