[results]
loss=2.3596337
err=0.61207455
elapsed_time_chunk=5.706599
