[results]
loss=2.306969
err=0.60608953
elapsed_time_chunk=6.224061
