[results]
loss=2.497766
err=0.6398331
elapsed_time_chunk=6.019729
