[results]
loss=2.1415548
err=0.5734027
elapsed_time_chunk=6.154689
