[results]
loss=3.0066614
err=0.7226316
elapsed_time_chunk=5.566396
