[results]
loss=2.2492008
err=0.5965443
elapsed_time_chunk=5.557121
