[results]
loss=2.3328724
err=0.6108429
elapsed_time_chunk=6.785204
