[results]
loss=2.3084319
err=0.602435
elapsed_time_chunk=5.741921
