[results]
loss=2.2098303
err=0.5872087
elapsed_time_chunk=6.299459
