[results]
loss=2.6211834
err=0.6607348
elapsed_time_chunk=6.051195
