[results]
loss=2.4442623
err=0.6316671
elapsed_time_chunk=6.091752
