[results]
loss=2.140146
err=0.5724485
elapsed_time_chunk=5.948927
