[results]
loss=2.3392956
err=0.6116538
elapsed_time_chunk=6.381488
