[results]
loss=2.2800722
err=0.6011108
elapsed_time_chunk=6.288240
