[results]
loss=2.1228623
err=0.5704398
elapsed_time_chunk=6.326317
