[results]
loss=2.225377
err=0.591088
elapsed_time_chunk=6.414107
