[results]
loss=2.3287988
err=0.6097067
elapsed_time_chunk=6.100143
