[results]
loss=2.2662153
err=0.59776235
elapsed_time_chunk=5.725749
