[results]
loss=2.1849256
err=0.5839652
elapsed_time_chunk=6.329170
