[results]
loss=2.29511
err=0.6032746
elapsed_time_chunk=6.069625
