[results]
loss=2.0891237
err=0.5618628
elapsed_time_chunk=6.933261
