[results]
loss=2.1443653
err=0.5740949
elapsed_time_chunk=6.021153
