[results]
loss=2.3793252
err=0.62022376
elapsed_time_chunk=6.124401
