[results]
loss=2.3084939
err=0.605302
elapsed_time_chunk=5.678147
