[results]
loss=3.0620959
err=0.7280523
elapsed_time_chunk=6.059989
