[results]
loss=3.8990438
err=0.8189644
elapsed_time_chunk=6.415707
