[results]
loss=2.1923792
err=0.5827773
elapsed_time_chunk=5.572843
