[results]
loss=2.2856803
err=0.60213405
elapsed_time_chunk=6.389836
