[results]
loss=2.2258112
err=0.5902621
elapsed_time_chunk=6.315340
