[results]
loss=2.1130788
err=0.56812716
elapsed_time_chunk=6.535879
