[results]
loss=2.1346176
err=0.5731582
elapsed_time_chunk=6.219105
