[results]
loss=2.4539888
err=0.63039005
elapsed_time_chunk=6.081569
