[results]
loss=2.115736
err=0.5701134
elapsed_time_chunk=6.322648
