[results]
loss=2.3719473
err=0.6183323
elapsed_time_chunk=6.160099
