[results]
loss=2.554045
err=0.65055484
elapsed_time_chunk=6.461988
