[results]
loss=2.267229
err=0.59801733
elapsed_time_chunk=6.173853
