[results]
loss=3.168424
err=0.74180657
elapsed_time_chunk=6.372827
