[results]
loss=2.225757
err=0.590181
elapsed_time_chunk=6.324252
