[results]
loss=2.098697
err=0.56212497
elapsed_time_chunk=6.411502
