[results]
loss=2.2122517
err=0.58875
elapsed_time_chunk=6.495917
