[results]
loss=2.474205
err=0.6341771
elapsed_time_chunk=6.196603
