[results]
loss=2.2084916
err=0.5865904
elapsed_time_chunk=6.225986
