[results]
loss=2.4052265
err=0.62471133
elapsed_time_chunk=5.665639
