[results]
loss=2.1291668
err=0.57191247
elapsed_time_chunk=6.288440
