[results]
loss=2.2439282
err=0.5944029
elapsed_time_chunk=6.460798
