[results]
loss=2.2928874
err=0.60224515
elapsed_time_chunk=6.097765
