[results]
loss=2.407422
err=0.6241523
elapsed_time_chunk=6.428018
