[results]
loss=2.1795573
err=0.58130354
elapsed_time_chunk=6.112777
