[results]
loss=2.1099825
err=0.5661247
elapsed_time_chunk=5.594785
