[results]
loss=2.1741543
err=0.57780695
elapsed_time_chunk=6.690662
