[results]
loss=3.4139805
err=0.7739263
elapsed_time_chunk=5.836876
