[results]
loss=2.119503
err=0.5684948
elapsed_time_chunk=6.062413
