[results]
loss=2.5433626
err=0.64626163
elapsed_time_chunk=6.056473
