[results]
loss=2.7227294
err=0.67859465
elapsed_time_chunk=6.374558
