[results]
loss=2.3009868
err=0.60650724
elapsed_time_chunk=6.301550
