[results]
loss=2.4776955
err=0.6375251
elapsed_time_chunk=6.083681
