[results]
loss=2.7267325
err=0.67819625
elapsed_time_chunk=6.636180
