[results]
loss=2.2075007
err=0.58736235
elapsed_time_chunk=6.236484
