[results]
loss=2.2867846
err=0.6030826
elapsed_time_chunk=6.100786
