[results]
loss=2.3998466
err=0.62094975
elapsed_time_chunk=6.189652
