[results]
loss=2.3549004
err=0.61327004
elapsed_time_chunk=6.558095
