[results]
loss=2.1783285
err=0.5813757
elapsed_time_chunk=6.333354
