[results]
loss=2.2526734
err=0.59732
elapsed_time_chunk=6.672182
