[results]
loss=2.360598
err=0.6153217
elapsed_time_chunk=6.128893
