[results]
loss=2.893076
err=0.7054826
elapsed_time_chunk=6.195266
