[results]
loss=2.1423006
err=0.5738059
elapsed_time_chunk=6.771565
