[results]
loss=4.485851
err=0.85910296
elapsed_time_chunk=5.941146
