[results]
loss=2.2647426
err=0.59860414
elapsed_time_chunk=6.716743
