[results]
loss=2.144931
err=0.57553864
elapsed_time_chunk=6.050735
