[results]
loss=2.821154
err=0.69215065
elapsed_time_chunk=6.078606
