[results]
loss=2.411257
err=0.62541425
elapsed_time_chunk=6.046905
