[results]
loss=2.2485723
err=0.59647626
elapsed_time_chunk=6.436969
