[results]
loss=2.2512197
err=0.5969234
elapsed_time_chunk=6.108299
