[results]
loss=2.3122492
err=0.6052966
elapsed_time_chunk=5.650280
