[results]
loss=2.8622494
err=0.7013427
elapsed_time_chunk=6.127661
