[results]
loss=2.5490222
err=0.6474526
elapsed_time_chunk=6.190828
