[results]
loss=2.6067379
err=0.6594721
elapsed_time_chunk=6.225855
