[results]
loss=2.2781928
err=0.5986991
elapsed_time_chunk=6.043722
