[results]
loss=2.414
err=0.625761
elapsed_time_chunk=6.481959
