[results]
loss=2.2460523
err=0.59419036
elapsed_time_chunk=5.680609
