[results]
loss=5.6963015
err=0.9055154
elapsed_time_chunk=31.563560
