[results]
loss=2.2384136
err=0.5938302
elapsed_time_chunk=6.463224
