[results]
loss=2.6350107
err=0.66292745
elapsed_time_chunk=6.272329
