[results]
loss=2.1669247
err=0.5784
elapsed_time_chunk=5.620750
