[results]
loss=2.424495
err=0.62494236
elapsed_time_chunk=6.435491
