[results]
loss=2.7009573
err=0.6721696
elapsed_time_chunk=6.118982
