[results]
loss=2.1274753
err=0.5694848
elapsed_time_chunk=6.306856
