[results]
loss=1.9755218
err=0.5442986
elapsed_time_chunk=6.380774
