[results]
loss=2.01852
err=0.5505346
elapsed_time_chunk=5.752970
