[results]
loss=1.8717177
err=0.52191246
elapsed_time_chunk=6.047622
