[results]
loss=1.7873371
err=0.5043898
elapsed_time_chunk=5.714205
