[results]
loss=2.2537525
err=0.59557027
elapsed_time_chunk=5.705162
