[results]
loss=2.8043168
err=0.6886605
elapsed_time_chunk=6.601040
