[results]
loss=2.475551
err=0.6350164
elapsed_time_chunk=5.933125
