[results]
loss=2.0310802
err=0.5540927
elapsed_time_chunk=6.096383
