[results]
loss=1.8462061
err=0.51628906
elapsed_time_chunk=6.451553
