[results]
loss=1.7599843
err=0.49494508
elapsed_time_chunk=5.568383
