[results]
loss=1.7795111
err=0.50237674
elapsed_time_chunk=6.273717
