[results]
loss=4.237696
err=0.8328116
elapsed_time_chunk=6.214704
