[results]
loss=1.8445116
err=0.5155584
elapsed_time_chunk=6.181954
