[results]
loss=2.7028198
err=0.67196923
elapsed_time_chunk=5.975731
