[results]
loss=2.2607946
err=0.5983337
elapsed_time_chunk=7.577615
