[results]
loss=2.0392816
err=0.55536306
elapsed_time_chunk=6.285714
