[results]
loss=2.0408223
err=0.5558214
elapsed_time_chunk=5.966558
