[results]
loss=1.7799267
err=0.50147635
elapsed_time_chunk=6.683748
