[results]
loss=1.9076358
err=0.52991843
elapsed_time_chunk=6.171938
