[results]
loss=2.19641
err=0.5833855
elapsed_time_chunk=6.268561
