[results]
loss=1.7827832
err=0.5030358
elapsed_time_chunk=6.224330
