[results]
loss=1.9298363
err=0.53588444
elapsed_time_chunk=5.946542
