[results]
loss=1.771699
err=0.4992902
elapsed_time_chunk=6.403033
