[results]
loss=1.8894681
err=0.5252794
elapsed_time_chunk=6.089813
