[results]
loss=1.7422078
err=0.49220982
elapsed_time_chunk=6.589313
