[results]
loss=1.8179046
err=0.5093661
elapsed_time_chunk=6.041820
