[results]
loss=1.9078746
err=0.52740765
elapsed_time_chunk=6.650372
