[results]
loss=1.8969382
err=0.52894163
elapsed_time_chunk=6.073868
