[results]
loss=2.119697
err=0.5696838
elapsed_time_chunk=5.999941
