[results]
loss=2.0004308
err=0.5471075
elapsed_time_chunk=6.701349
