[results]
loss=1.7732835
err=0.498048
elapsed_time_chunk=5.759464
