[results]
loss=2.3783722
err=0.6191827
elapsed_time_chunk=6.008761
