[results]
loss=1.7660942
err=0.49953887
elapsed_time_chunk=6.217897
