[results]
loss=2.0122447
err=0.5507481
elapsed_time_chunk=6.904343
