[results]
loss=2.0367343
err=0.55475515
elapsed_time_chunk=5.551359
