[results]
loss=2.2060986
err=0.58525425
elapsed_time_chunk=6.917618
