[results]
loss=1.7846601
err=0.5019732
elapsed_time_chunk=6.235549
