[results]
loss=2.7167819
err=0.6763399
elapsed_time_chunk=6.136296
