[results]
loss=5.551955
err=0.89347994
elapsed_time_chunk=6.466400
