[results]
loss=1.8158786
err=0.50813186
elapsed_time_chunk=5.688504
