[results]
loss=1.7788945
err=0.5016066
elapsed_time_chunk=6.058081
