[results]
loss=2.535568
err=0.6446271
elapsed_time_chunk=6.126727
