[results]
loss=2.1202075
err=0.5697323
elapsed_time_chunk=6.092782
