[results]
loss=1.7763194
err=0.5024467
elapsed_time_chunk=6.094891
