[results]
loss=1.8132249
err=0.507199
elapsed_time_chunk=6.245036
