[results]
loss=3.5413315
err=0.77822816
elapsed_time_chunk=6.086034
