[results]
loss=2.4367883
err=0.62661445
elapsed_time_chunk=5.745026
