[results]
loss=2.1524322
err=0.57724726
elapsed_time_chunk=6.254508
