[results]
loss=2.176537
err=0.58308166
elapsed_time_chunk=6.474526
