[results]
loss=1.978049
err=0.5425676
elapsed_time_chunk=6.063886
