[results]
loss=1.9428668
err=0.5363847
elapsed_time_chunk=6.394676
