[results]
loss=1.939664
err=0.53525084
elapsed_time_chunk=6.034477
