[results]
loss=2.0682473
err=0.5613518
elapsed_time_chunk=5.946142
