[results]
loss=1.894589
err=0.5276862
elapsed_time_chunk=6.609298
