[results]
loss=2.1575708
err=0.5773598
elapsed_time_chunk=6.092653
