[results]
loss=1.9265087
err=0.5327082
elapsed_time_chunk=5.599323
