[results]
loss=1.8900748
err=0.524949
elapsed_time_chunk=6.512213
