[results]
loss=1.776095
err=0.5009511
elapsed_time_chunk=6.200800
