[results]
loss=1.9667624
err=0.5397378
elapsed_time_chunk=5.726990
