[results]
loss=1.7790723
err=0.50238603
elapsed_time_chunk=6.115823
