[results]
loss=1.9927118
err=0.5449901
elapsed_time_chunk=6.091129
