[results]
loss=1.9691907
err=0.5391374
elapsed_time_chunk=7.981243
