[results]
loss=1.7513088
err=0.49506626
elapsed_time_chunk=6.122442
