[results]
loss=1.9365884
err=0.53693837
elapsed_time_chunk=6.728245
