[results]
loss=1.797431
err=0.5039446
elapsed_time_chunk=5.544101
