[results]
loss=2.0603678
err=0.55847186
elapsed_time_chunk=6.236069
