[results]
loss=1.81018
err=0.50806093
elapsed_time_chunk=5.606979
