[results]
loss=2.1317534
err=0.5740664
elapsed_time_chunk=6.149265
