[results]
loss=2.028876
err=0.55377305
elapsed_time_chunk=6.264907
