[results]
loss=1.9445856
err=0.53693557
elapsed_time_chunk=6.489287
