[results]
loss=1.8502239
err=0.5151411
elapsed_time_chunk=5.755215
