[results]
loss=2.35616
err=0.613308
elapsed_time_chunk=6.039181
