[results]
loss=1.7513863
err=0.49657634
elapsed_time_chunk=6.356368
