[results]
loss=1.9879897
err=0.5459421
elapsed_time_chunk=6.181275
