[results]
loss=1.7751362
err=0.502793
elapsed_time_chunk=6.865300
