[results]
loss=1.8031178
err=0.50707513
elapsed_time_chunk=6.377387
