[results]
loss=1.817708
err=0.51074106
elapsed_time_chunk=5.997726
