[results]
loss=2.2054336
err=0.5883789
elapsed_time_chunk=6.159825
