[results]
loss=2.0566921
err=0.5593054
elapsed_time_chunk=6.175202
