[results]
loss=1.8066115
err=0.50793594
elapsed_time_chunk=6.173762
