[results]
loss=2.650922
err=0.66544014
elapsed_time_chunk=5.619830
