[results]
loss=2.0308464
err=0.55343527
elapsed_time_chunk=6.226029
