[results]
loss=1.9329356
err=0.53466654
elapsed_time_chunk=6.118243
