[results]
loss=1.8734543
err=0.52114743
elapsed_time_chunk=6.288488
