[results]
loss=2.373343
err=0.61837256
elapsed_time_chunk=6.193088
