[results]
loss=2.123912
err=0.5709451
elapsed_time_chunk=6.196987
