[results]
loss=2.0771294
err=0.56146747
elapsed_time_chunk=6.035787
