[results]
loss=1.7571818
err=0.4976576
elapsed_time_chunk=6.122462
