[results]
loss=1.9131922
err=0.5306898
elapsed_time_chunk=6.236748
