[results]
loss=2.1925492
err=0.58305216
elapsed_time_chunk=5.556956
