[results]
loss=2.5436513
err=0.6484735
elapsed_time_chunk=5.997636
