[results]
loss=1.9013945
err=0.52786326
elapsed_time_chunk=6.550810
