[results]
loss=1.9005212
err=0.52718556
elapsed_time_chunk=5.757540
