[results]
loss=2.3308954
err=0.6112872
elapsed_time_chunk=5.603964
