[results]
loss=1.8328472
err=0.5118728
elapsed_time_chunk=6.212975
