[results]
loss=2.0983188
err=0.5673504
elapsed_time_chunk=6.166100
