[results]
loss=2.1376576
err=0.57636964
elapsed_time_chunk=5.615634
