[results]
loss=2.2740576
err=0.6012082
elapsed_time_chunk=6.288081
