[results]
loss=1.7709134
err=0.49973884
elapsed_time_chunk=6.356106
