[results]
loss=1.8042403
err=0.50454897
elapsed_time_chunk=6.223590
