[results]
loss=3.245949
err=0.74840605
elapsed_time_chunk=5.972991
