[results]
loss=1.9255375
err=0.53095394
elapsed_time_chunk=5.699326
