[results]
loss=1.9512041
err=0.5382921
elapsed_time_chunk=5.929559
