[results]
loss=1.8770641
err=0.5222776
elapsed_time_chunk=6.001783
