[results]
loss=2.8748891
err=0.70141894
elapsed_time_chunk=6.513381
