[results]
loss=2.5072815
err=0.64320874
elapsed_time_chunk=6.174419
