[results]
loss=3.0473623
err=0.7235597
elapsed_time_chunk=5.710219
