[results]
loss=1.9788512
err=0.54277956
elapsed_time_chunk=6.730337
