[results]
loss=2.3713193
err=0.6171391
elapsed_time_chunk=6.473982
