[results]
loss=1.9650319
err=0.54089
elapsed_time_chunk=5.522791
