[results]
loss=1.8073962
err=0.5069114
elapsed_time_chunk=6.130957
