[results]
loss=2.284366
err=0.60069793
elapsed_time_chunk=6.183748
