[results]
loss=2.2662115
err=0.5997308
elapsed_time_chunk=6.556013
