[results]
loss=1.8130823
err=0.50922686
elapsed_time_chunk=6.379849
