[results]
loss=1.788924
err=0.50609905
elapsed_time_chunk=6.242586
