[results]
loss=1.9071263
err=0.5292616
elapsed_time_chunk=6.619359
