[results]
loss=2.0631766
err=0.5607754
elapsed_time_chunk=6.476175
