[results]
loss=1.730099
err=0.48901045
elapsed_time_chunk=6.276983
