[results]
loss=2.0687747
err=0.560899
elapsed_time_chunk=5.679114
