[results]
loss=1.940228
err=0.5347123
elapsed_time_chunk=5.998721
