[results]
loss=1.2094313
err=0.36468288
elapsed_time_chunk=6.609934
