[results]
loss=1.1198568
err=0.34350473
elapsed_time_chunk=6.376878
