[results]
loss=1.5784668
err=0.45074978
elapsed_time_chunk=6.718904
