[results]
loss=1.1199698
err=0.3424715
elapsed_time_chunk=7.099245
