[results]
loss=1.783786
err=0.49509332
elapsed_time_chunk=6.543089
