[results]
loss=1.624201
err=0.46217695
elapsed_time_chunk=6.427105
