[results]
loss=1.0855539
err=0.3325134
elapsed_time_chunk=6.371449
