[results]
loss=1.3444761
err=0.39959264
elapsed_time_chunk=6.459453
