[results]
loss=1.6486461
err=0.46792623
elapsed_time_chunk=6.328142
