[results]
loss=1.3453542
err=0.4010741
elapsed_time_chunk=6.252069
