[results]
loss=1.7710161
err=0.49289328
elapsed_time_chunk=6.419635
