[results]
loss=1.093118
err=0.3365478
elapsed_time_chunk=6.523588
