[results]
loss=1.3821257
err=0.40800348
elapsed_time_chunk=6.336204
