[results]
loss=1.5043795
err=0.43517914
elapsed_time_chunk=6.024093
