[results]
loss=1.2161381
err=0.36702222
elapsed_time_chunk=6.212716
