[results]
loss=1.4603776
err=0.42558894
elapsed_time_chunk=6.308180
