[results]
loss=1.1317036
err=0.34574687
elapsed_time_chunk=6.358728
