[results]
loss=1.7018787
err=0.47708306
elapsed_time_chunk=6.369434
