[results]
loss=2.776556
err=0.65049857
elapsed_time_chunk=6.709101
