[results]
loss=1.2832917
err=0.3846271
elapsed_time_chunk=6.488607
