[results]
loss=1.0817962
err=0.33208287
elapsed_time_chunk=6.480859
