[results]
loss=1.4084002
err=0.41554317
elapsed_time_chunk=5.955581
