[results]
loss=1.7667887
err=0.4917214
elapsed_time_chunk=5.916620
