[results]
loss=1.8808186
err=0.51401496
elapsed_time_chunk=6.135727
