[results]
loss=1.1150799
err=0.3396629
elapsed_time_chunk=6.116943
