[results]
loss=1.1862786
err=0.35986328
elapsed_time_chunk=6.609511
