[results]
loss=1.5761871
err=0.45335016
elapsed_time_chunk=6.395285
