[results]
loss=4.6898675
err=0.8211313
elapsed_time_chunk=6.437429
