[results]
loss=1.434889
err=0.4209535
elapsed_time_chunk=6.752443
