[results]
loss=1.3474091
err=0.39944944
elapsed_time_chunk=6.142281
