[results]
loss=2.2495456
err=0.5797935
elapsed_time_chunk=6.481592
