[results]
loss=1.454
err=0.42466742
elapsed_time_chunk=6.340745
