[results]
loss=1.1185801
err=0.3428249
elapsed_time_chunk=6.598213
