[results]
loss=1.4907901
err=0.43337932
elapsed_time_chunk=6.763776
