[results]
loss=1.459535
err=0.42686245
elapsed_time_chunk=6.434429
