[results]
loss=1.1652917
err=0.35444054
elapsed_time_chunk=6.359903
