[results]
loss=2.1293602
err=0.5572433
elapsed_time_chunk=5.904303
