[results]
loss=2.039524
err=0.5429116
elapsed_time_chunk=7.257794
