[results]
loss=1.2175418
err=0.36674336
elapsed_time_chunk=6.483701
