[results]
loss=1.8939644
err=0.5146052
elapsed_time_chunk=6.406272
