[results]
loss=1.5565511
err=0.44713736
elapsed_time_chunk=6.592455
