[results]
loss=1.1416833
err=0.35032356
elapsed_time_chunk=6.380360
