[results]
loss=1.956678
err=0.5277355
elapsed_time_chunk=5.865332
