[results]
loss=1.1045493
err=0.33870855
elapsed_time_chunk=6.281297
