[results]
loss=1.6534729
err=0.4692424
elapsed_time_chunk=6.020190
