[results]
loss=1.2380946
err=0.3731995
elapsed_time_chunk=6.022282
