[results]
loss=1.2521949
err=0.37755486
elapsed_time_chunk=6.461001
