[results]
loss=1.1215849
err=0.34375888
elapsed_time_chunk=6.337997
