[results]
loss=1.5114655
err=0.4377154
elapsed_time_chunk=7.271667
