[results]
loss=1.1092768
err=0.33954877
elapsed_time_chunk=5.909790
