[results]
loss=1.4425199
err=0.42184854
elapsed_time_chunk=5.994262
