[results]
loss=1.5485032
err=0.44518304
elapsed_time_chunk=6.430482
