[results]
loss=1.3757099
err=0.40687606
elapsed_time_chunk=6.441987
