[results]
loss=1.3701487
err=0.406475
elapsed_time_chunk=6.297117
