[results]
loss=1.0902342
err=0.33397207
elapsed_time_chunk=6.587317
