[results]
loss=1.74941
err=0.48739964
elapsed_time_chunk=6.423579
