[results]
loss=1.2541769
err=0.37844947
elapsed_time_chunk=5.835510
