[results]
loss=1.1462582
err=0.34969643
elapsed_time_chunk=6.577996
