[results]
loss=1.6829281
err=0.4750439
elapsed_time_chunk=6.233187
