[results]
loss=1.3596523
err=0.40302253
elapsed_time_chunk=6.191418
