[results]
loss=1.1284796
err=0.34472212
elapsed_time_chunk=6.409053
