[results]
loss=1.3199924
err=0.39467052
elapsed_time_chunk=6.439253
