[results]
loss=1.1467977
err=0.34951326
elapsed_time_chunk=6.052339
