[results]
loss=1.1610396
err=0.3529023
elapsed_time_chunk=6.013418
