[results]
loss=1.8455595
err=0.5075556
elapsed_time_chunk=6.224122
