[results]
loss=6.1250305
err=0.8995197
elapsed_time_chunk=6.406976
