[results]
loss=1.3596756
err=0.40335298
elapsed_time_chunk=6.677480
