[results]
loss=1.1759475
err=0.35623148
elapsed_time_chunk=6.823177
