[results]
loss=1.6871388
err=0.47434494
elapsed_time_chunk=6.229087
