[results]
loss=1.7026107
err=0.47913045
elapsed_time_chunk=6.902912
