[results]
loss=1.1624397
err=0.35324913
elapsed_time_chunk=5.886741
