[results]
loss=2.5227568
err=0.6212934
elapsed_time_chunk=5.882215
