[results]
loss=1.1612524
err=0.3524906
elapsed_time_chunk=6.480331
