[results]
loss=2.6465366
err=0.63414973
elapsed_time_chunk=6.221854
