[results]
loss=1.2922044
err=0.38821462
elapsed_time_chunk=6.350399
