[results]
loss=1.1377984
err=0.34818554
elapsed_time_chunk=6.613317
