[results]
loss=1.2365235
err=0.37357187
elapsed_time_chunk=6.538577
