[results]
loss=1.5845047
err=0.45401737
elapsed_time_chunk=6.248835
