[results]
loss=1.3689921
err=0.4068554
elapsed_time_chunk=5.890895
