[results]
loss=1.4851412
err=0.42953992
elapsed_time_chunk=6.329363
