[results]
loss=1.3236747
err=0.39244485
elapsed_time_chunk=6.310629
