[results]
loss=2.3092668
err=0.58817923
elapsed_time_chunk=6.430773
