[results]
loss=1.3920827
err=0.4093223
elapsed_time_chunk=6.314956
