[results]
loss=1.1052885
err=0.33921775
elapsed_time_chunk=6.392881
