[results]
loss=2.0058274
err=0.53646874
elapsed_time_chunk=6.588367
