[results]
loss=1.3989272
err=0.4134925
elapsed_time_chunk=6.900532
