[results]
loss=1.1839889
err=0.36010715
elapsed_time_chunk=6.776605
