[results]
loss=1.290008
err=0.3871685
elapsed_time_chunk=6.056655
