[results]
loss=1.5276651
err=0.4424037
elapsed_time_chunk=6.379160
