[results]
loss=1.5862286
err=0.4531115
elapsed_time_chunk=6.243741
