[results]
loss=2.1906075
err=0.5688373
elapsed_time_chunk=6.429436
