[results]
loss=3.652611
err=0.7420915
elapsed_time_chunk=6.014994
