[results]
loss=1.4230661
err=0.41823977
elapsed_time_chunk=5.850567
