[results]
loss=2.3586855
err=0.5942003
elapsed_time_chunk=6.338009
