[results]
loss=1.6726006
err=0.47058
elapsed_time_chunk=6.209545
