[results]
loss=2.987821
err=0.67406464
elapsed_time_chunk=6.516460
