[results]
loss=1.8589833
err=0.51040787
elapsed_time_chunk=6.426351
