[results]
loss=1.4283892
err=0.42014864
elapsed_time_chunk=6.392471
