[results]
loss=1.3271692
err=0.39550948
elapsed_time_chunk=6.472350
