[results]
loss=1.7703149
err=0.49225911
elapsed_time_chunk=6.777379
