[results]
loss=1.2030497
err=0.3650424
elapsed_time_chunk=6.333953
