[results]
loss=1.1408871
err=0.34848744
elapsed_time_chunk=5.865808
