[results]
loss=3.2595682
err=0.7030541
elapsed_time_chunk=6.920326
