[results]
loss=1.6100887
err=0.4580438
elapsed_time_chunk=6.460362
