[results]
loss=4.141509
err=0.78248024
elapsed_time_chunk=6.351890
