[results]
loss=1.1226465
err=0.344011
elapsed_time_chunk=6.198059
