[results]
loss=1.1998613
err=0.3641265
elapsed_time_chunk=5.820944
