[results]
loss=1.1267718
err=0.34381172
elapsed_time_chunk=5.871909
