[results]
loss=1.5206602
err=0.43718418
elapsed_time_chunk=6.333429
