[results]
loss=2.0269942
err=0.539045
elapsed_time_chunk=7.212540
