[results]
loss=1.1167186
err=0.3414752
elapsed_time_chunk=6.268045
