[results]
loss=2.0179286
err=0.54100764
elapsed_time_chunk=6.346951
