[results]
loss=1.5362065
err=0.44418934
elapsed_time_chunk=5.854950
