[results]
loss=1.1963097
err=0.36342856
elapsed_time_chunk=6.556435
