[results]
loss=1.2313977
err=0.36913842
elapsed_time_chunk=6.803617
