[results]
loss=1.8634573
err=0.5103749
elapsed_time_chunk=6.298318
