[results]
loss=5.318305
err=0.86055666
elapsed_time_chunk=6.607754
