[results]
loss=1.4216386
err=0.41659114
elapsed_time_chunk=6.442597
