[results]
loss=1.5264006
err=0.44238782
elapsed_time_chunk=6.370818
