[results]
loss=1.2786357
err=0.38178346
elapsed_time_chunk=6.303533
