[results]
loss=1.3195957
err=0.39036715
elapsed_time_chunk=6.356227
