[results]
loss=1.560368
err=0.44565043
elapsed_time_chunk=5.898540
