[results]
loss=1.3029593
err=0.38670316
elapsed_time_chunk=6.356740
