[results]
loss=1.44013
err=0.4179208
elapsed_time_chunk=6.210531
