[results]
loss=1.6075585
err=0.453628
elapsed_time_chunk=6.563663
