[results]
loss=1.539256
err=0.44180182
elapsed_time_chunk=6.430541
