[results]
loss=1.739393
err=0.48192412
elapsed_time_chunk=6.406993
