[results]
loss=1.47384
err=0.42758736
elapsed_time_chunk=6.492382
