[results]
loss=1.396816
err=0.4087394
elapsed_time_chunk=5.953294
