[results]
loss=1.3145689
err=0.38812947
elapsed_time_chunk=6.404711
