[results]
loss=2.0333
err=0.53682524
elapsed_time_chunk=6.858639
