[results]
loss=1.5513223
err=0.44151112
elapsed_time_chunk=6.411570
