[results]
loss=1.9100631
err=0.5146951
elapsed_time_chunk=6.631508
