[results]
loss=3.3847668
err=0.707922
elapsed_time_chunk=5.807785
