[results]
loss=1.2540749
err=0.37168834
elapsed_time_chunk=6.306337
