[results]
loss=2.470978
err=0.6009919
elapsed_time_chunk=6.766554
