[results]
loss=2.0105693
err=0.53043514
elapsed_time_chunk=6.576067
