[results]
loss=1.8406199
err=0.50163424
elapsed_time_chunk=6.515996
