[results]
loss=2.7565947
err=0.6388709
elapsed_time_chunk=6.209063
