[results]
loss=2.1081254
err=0.54706985
elapsed_time_chunk=5.930349
