[results]
loss=1.2988319
err=0.38384908
elapsed_time_chunk=6.944791
