[results]
loss=1.2900925
err=0.38151947
elapsed_time_chunk=6.376319
