[results]
loss=1.3443953
err=0.39536893
elapsed_time_chunk=6.628864
