[results]
loss=1.3474635
err=0.3962047
elapsed_time_chunk=6.815658
