[results]
loss=5.4034414
err=0.8611257
elapsed_time_chunk=6.150129
