[results]
loss=1.887395
err=0.51003003
elapsed_time_chunk=5.934868
