[results]
loss=1.3857789
err=0.40530968
elapsed_time_chunk=6.414310
