[results]
loss=1.5007946
err=0.42970514
elapsed_time_chunk=6.502367
