[results]
loss=2.3005688
err=0.5776868
elapsed_time_chunk=6.010854
