[results]
loss=1.5968213
err=0.45377046
elapsed_time_chunk=6.287390
