[results]
loss=1.6043284
err=0.45340982
elapsed_time_chunk=6.407783
