[results]
loss=1.3014476
err=0.3845703
elapsed_time_chunk=6.457490
