[results]
loss=2.5362659
err=0.608482
elapsed_time_chunk=6.508303
