[results]
loss=1.8209813
err=0.4981655
elapsed_time_chunk=6.471232
