[results]
loss=1.2917027
err=0.3831243
elapsed_time_chunk=6.547780
