[results]
loss=1.4588826
err=0.42288566
elapsed_time_chunk=6.544900
