[results]
loss=1.9881572
err=0.528702
elapsed_time_chunk=5.980336
