[results]
loss=1.3602225
err=0.39959395
elapsed_time_chunk=6.562048
