[results]
loss=1.3625693
err=0.40100446
elapsed_time_chunk=6.515046
