[results]
loss=1.5174729
err=0.4363246
elapsed_time_chunk=6.045182
