[results]
loss=6.3965845
err=0.90984833
elapsed_time_chunk=6.589014
