[results]
loss=1.7031411
err=0.47557917
elapsed_time_chunk=5.854431
