[results]
loss=2.41558
err=0.59377676
elapsed_time_chunk=6.521174
