[results]
loss=1.9095592
err=0.51037
elapsed_time_chunk=6.267391
