[results]
loss=1.6579026
err=0.46716276
elapsed_time_chunk=6.309697
