[results]
loss=1.2736018
err=0.3765983
elapsed_time_chunk=6.430266
