[results]
loss=1.4397696
err=0.41943696
elapsed_time_chunk=6.669489
