[results]
loss=1.3330076
err=0.39176294
elapsed_time_chunk=5.961371
