[results]
loss=5.0594883
err=0.84099764
elapsed_time_chunk=6.319441
