[results]
loss=1.701212
err=0.47621813
elapsed_time_chunk=6.443920
