[results]
loss=3.1663606
err=0.6841814
elapsed_time_chunk=6.578980
