[results]
loss=1.4578645
err=0.42365444
elapsed_time_chunk=6.590286
