[results]
loss=1.3538793
err=0.39653572
elapsed_time_chunk=6.510644
