[results]
loss=1.7627184
err=0.485942
elapsed_time_chunk=6.216704
