[results]
loss=1.3523102
err=0.39717072
elapsed_time_chunk=5.766214
