[results]
loss=1.2638171
err=0.3752902
elapsed_time_chunk=6.540539
