[results]
loss=1.3936337
err=0.4065698
elapsed_time_chunk=6.564428
