[results]
loss=2.2413447
err=0.56654817
elapsed_time_chunk=6.568283
