[results]
loss=1.7057719
err=0.47467628
elapsed_time_chunk=6.322732
