[results]
loss=1.3048254
err=0.38796982
elapsed_time_chunk=6.584068
