[results]
loss=1.7550412
err=0.48326716
elapsed_time_chunk=6.439017
