[results]
loss=1.6001788
err=0.45448446
elapsed_time_chunk=5.913604
