[results]
loss=1.3813614
err=0.40384236
elapsed_time_chunk=6.684586
