[results]
loss=3.595323
err=0.7268677
elapsed_time_chunk=6.635509
