[results]
loss=1.2666345
err=0.3764673
elapsed_time_chunk=6.744320
