[results]
loss=1.2924157
err=0.38182154
elapsed_time_chunk=6.591128
