[results]
loss=1.5166538
err=0.435887
elapsed_time_chunk=6.175016
