[results]
loss=1.2909366
err=0.38294604
elapsed_time_chunk=6.581086
