[results]
loss=2.0229867
err=0.53206724
elapsed_time_chunk=6.684529
