[results]
loss=1.2768484
err=0.37961107
elapsed_time_chunk=6.917853
