[results]
loss=1.4962953
err=0.430368
elapsed_time_chunk=5.988245
