[results]
loss=1.5321687
err=0.4391246
elapsed_time_chunk=6.600683
