[results]
loss=1.6629921
err=0.4666097
elapsed_time_chunk=6.048895
