[results]
loss=1.6325588
err=0.45916703
elapsed_time_chunk=6.264931
