[results]
loss=1.8322989
err=0.5014376
elapsed_time_chunk=5.901718
