[results]
loss=1.9247943
err=0.5146151
elapsed_time_chunk=7.504504
