[results]
loss=1.5116547
err=0.43438736
elapsed_time_chunk=6.477219
