[results]
loss=1.278181
err=0.37902325
elapsed_time_chunk=6.404891
