[results]
loss=1.2831904
err=0.38140348
elapsed_time_chunk=6.339462
