[results]
loss=1.895204
err=0.5116874
elapsed_time_chunk=6.635817
