[results]
loss=1.7590806
err=0.48510674
elapsed_time_chunk=6.617971
