[results]
loss=2.6430116
err=0.62112015
elapsed_time_chunk=5.912653
