[results]
loss=1.3303115
err=0.39245278
elapsed_time_chunk=5.906034
