[results]
loss=1.3585973
err=0.3994163
elapsed_time_chunk=6.556971
