[results]
loss=1.573572
err=0.4460528
elapsed_time_chunk=6.229034
