[results]
loss=1.7022595
err=0.4759122
elapsed_time_chunk=6.303418
