[results]
loss=1.2827165
err=0.37966603
elapsed_time_chunk=6.034143
