[results]
loss=1.4306827
err=0.41635692
elapsed_time_chunk=6.408206
