[results]
loss=1.6769809
err=0.471256
elapsed_time_chunk=6.296535
