[results]
loss=2.1398468
err=0.55307204
elapsed_time_chunk=6.655491
