[results]
loss=4.0406213
err=0.7619202
elapsed_time_chunk=6.663494
