[results]
loss=1.7574886
err=0.48678088
elapsed_time_chunk=6.301951
