[results]
loss=3.792982
err=0.74235666
elapsed_time_chunk=6.724775
