[results]
loss=1.6221036
err=0.45941082
elapsed_time_chunk=6.535252
