[results]
loss=1.4546148
err=0.421321
elapsed_time_chunk=6.501151
