[results]
loss=1.6204709
err=0.4581167
elapsed_time_chunk=6.826163
