[results]
loss=5.807262
err=0.8811358
elapsed_time_chunk=6.183246
