[results]
loss=2.2018216
err=0.5616479
elapsed_time_chunk=6.419590
