[results]
loss=3.030755
err=0.67120653
elapsed_time_chunk=6.473372
