[results]
loss=1.3283548
err=0.39045072
elapsed_time_chunk=6.412514
