[results]
loss=1.3035498
err=0.38510323
elapsed_time_chunk=5.860820
