[results]
loss=1.2824545
err=0.37855154
elapsed_time_chunk=5.997141
