[results]
loss=2.014122
err=0.5319731
elapsed_time_chunk=6.585959
