[results]
loss=1.2824068
err=0.37935662
elapsed_time_chunk=6.502575
