[results]
loss=1.5721709
err=0.4440718
elapsed_time_chunk=6.217965
