[results]
loss=2.899855
err=0.65660477
elapsed_time_chunk=6.352946
