[results]
loss=1.4899799
err=0.43045783
elapsed_time_chunk=6.499345
