[results]
loss=1.4943948
err=0.4322887
elapsed_time_chunk=6.596398
