[results]
loss=1.2842981
err=0.38061702
elapsed_time_chunk=6.344328
