[results]
loss=1.4542086
err=0.41928887
elapsed_time_chunk=6.347733
