[results]
loss=4.351445
err=0.7864923
elapsed_time_chunk=6.375111
