[results]
loss=2.158345
err=0.5555014
elapsed_time_chunk=6.483947
