[results]
loss=1.5550723
err=0.4438101
elapsed_time_chunk=6.457855
