[results]
loss=4.700908
err=0.8146124
elapsed_time_chunk=5.949232
