[results]
loss=2.3944242
err=0.594529
elapsed_time_chunk=6.462363
