[results]
loss=1.677068
err=0.46705958
elapsed_time_chunk=6.713129
