[results]
loss=1.8115046
err=0.49415946
elapsed_time_chunk=6.498464
