[results]
loss=1.8001384
err=0.4913815
elapsed_time_chunk=6.721691
