[results]
loss=1.5342665
err=0.44044253
elapsed_time_chunk=7.197632
