[results]
loss=0.4639788
err=0.14584374
elapsed_time_chunk=6.476135
