[results]
loss=0.44335234
err=0.13822046
elapsed_time_chunk=5.565484
