[results]
loss=0.58563596
err=0.18824679
elapsed_time_chunk=6.434667
