[results]
loss=0.48240596
err=0.15281214
elapsed_time_chunk=6.104425
