[results]
loss=0.6067544
err=0.19553952
elapsed_time_chunk=6.281716
