[results]
loss=0.78510624
err=0.24891779
elapsed_time_chunk=6.577229
