[results]
loss=1.4340811
err=0.42244557
elapsed_time_chunk=6.256813
