[results]
loss=0.4576584
err=0.14403124
elapsed_time_chunk=6.264333
