[results]
loss=0.9522142
err=0.30011258
elapsed_time_chunk=6.306696
