[results]
loss=1.9135246
err=0.5238755
elapsed_time_chunk=6.184073
