[results]
loss=0.44140777
err=0.13823932
elapsed_time_chunk=6.072279
