[results]
loss=0.5433841
err=0.17409308
elapsed_time_chunk=6.599921
