[results]
loss=0.97736955
err=0.30781603
elapsed_time_chunk=6.116777
