[results]
loss=1.0045762
err=0.31565824
elapsed_time_chunk=5.607464
