[results]
loss=1.8212867
err=0.5060265
elapsed_time_chunk=6.062093
