[results]
loss=0.44146407
err=0.13860248
elapsed_time_chunk=5.633492
