[results]
loss=0.5107768
err=0.16230743
elapsed_time_chunk=6.383543
