[results]
loss=0.44333735
err=0.13880876
elapsed_time_chunk=5.978506
