[results]
loss=0.44411558
err=0.13978964
elapsed_time_chunk=6.106806
