[results]
loss=0.75629157
err=0.24381693
elapsed_time_chunk=5.635318
