[results]
loss=1.5768155
err=0.45477462
elapsed_time_chunk=5.801946
