[results]
loss=0.45470235
err=0.14255357
elapsed_time_chunk=5.950306
