[results]
loss=0.44167626
err=0.13818331
elapsed_time_chunk=6.005872
