[results]
loss=0.45754623
err=0.14309396
elapsed_time_chunk=6.474173
