[results]
loss=1.1474781
err=0.3532701
elapsed_time_chunk=6.079975
