[results]
loss=0.69559735
err=0.22449172
elapsed_time_chunk=6.036169
