[results]
loss=0.45619822
err=0.14435911
elapsed_time_chunk=6.288828
