[results]
loss=1.1914026
err=0.36369848
elapsed_time_chunk=6.062710
