[results]
loss=0.56916636
err=0.18199423
elapsed_time_chunk=6.062437
