[results]
loss=0.4510072
err=0.14205351
elapsed_time_chunk=5.578388
