[results]
loss=0.7819655
err=0.25014502
elapsed_time_chunk=6.269889
