[results]
loss=0.6186355
err=0.19769613
elapsed_time_chunk=6.560258
