[results]
loss=0.46081877
err=0.14606625
elapsed_time_chunk=5.466166
