[results]
loss=0.46188566
err=0.14603435
elapsed_time_chunk=6.029784
