[results]
loss=1.3345399
err=0.39878297
elapsed_time_chunk=5.642249
