[results]
loss=0.5525955
err=0.17725526
elapsed_time_chunk=5.666342
