[results]
loss=0.6105575
err=0.1975906
elapsed_time_chunk=5.558223
