[results]
loss=1.9453174
err=0.5335587
elapsed_time_chunk=6.112207
