[results]
loss=0.44576716
err=0.13958982
elapsed_time_chunk=6.178639
