[results]
loss=0.45310855
err=0.14286461
elapsed_time_chunk=6.584086
