[results]
loss=1.2864909
err=0.3856635
elapsed_time_chunk=6.202939
