[results]
loss=1.0625634
err=0.3301357
elapsed_time_chunk=6.480686
