[results]
loss=1.6158257
err=0.46480435
elapsed_time_chunk=6.070895
