[results]
loss=2.6358104
err=0.64493614
elapsed_time_chunk=5.859099
