[results]
loss=0.63123363
err=0.20231912
elapsed_time_chunk=6.119117
