[results]
loss=0.91172206
err=0.28955358
elapsed_time_chunk=6.088343
