[results]
loss=0.50964075
err=0.1631915
elapsed_time_chunk=6.145557
