[results]
loss=2.3395073
err=0.6025772
elapsed_time_chunk=5.848469
