[results]
loss=0.55914885
err=0.17812769
elapsed_time_chunk=6.097734
