[results]
loss=0.4536989
err=0.14258699
elapsed_time_chunk=6.125125
