[results]
loss=0.6361449
err=0.20499966
elapsed_time_chunk=6.242593
