[results]
loss=0.80210346
err=0.25677052
elapsed_time_chunk=5.721020
