[results]
loss=0.6118588
err=0.19538978
elapsed_time_chunk=6.319890
