[results]
loss=0.4480492
err=0.1397365
elapsed_time_chunk=6.176292
