[results]
loss=1.8357778
err=0.5099804
elapsed_time_chunk=6.020733
