[results]
loss=1.3034228
err=0.39097032
elapsed_time_chunk=6.028038
