[results]
loss=0.4482296
err=0.14178818
elapsed_time_chunk=6.021457
