[results]
loss=1.1448159
err=0.34991473
elapsed_time_chunk=6.228007
