[results]
loss=0.44392172
err=0.13878492
elapsed_time_chunk=6.402382
