[results]
loss=0.5364576
err=0.17106944
elapsed_time_chunk=6.610626
