[results]
loss=0.7459875
err=0.2405784
elapsed_time_chunk=6.090498
