[results]
loss=1.4460434
err=0.42432588
elapsed_time_chunk=6.054223
