[results]
loss=1.2343478
err=0.37469387
elapsed_time_chunk=6.514992
