[results]
loss=0.47790077
err=0.1516319
elapsed_time_chunk=6.012020
