[results]
loss=0.43738025
err=0.13691396
elapsed_time_chunk=6.465628
