[results]
loss=1.6076294
err=0.46166614
elapsed_time_chunk=6.112148
