[results]
loss=0.8910073
err=0.28201297
elapsed_time_chunk=6.002304
