[results]
loss=1.4450228
err=0.42623937
elapsed_time_chunk=5.633986
