[results]
loss=0.52503246
err=0.1688137
elapsed_time_chunk=6.077135
