[results]
loss=1.1003723
err=0.33929652
elapsed_time_chunk=6.228265
