[results]
loss=0.44463497
err=0.1390814
elapsed_time_chunk=6.098941
