[results]
loss=0.44819012
err=0.14118929
elapsed_time_chunk=6.073929
