[results]
loss=1.1435732
err=0.3516025
elapsed_time_chunk=5.521191
