[results]
loss=0.43780065
err=0.13741148
elapsed_time_chunk=6.535085
