[results]
loss=1.3181156
err=0.39483756
elapsed_time_chunk=6.078736
