[results]
loss=0.53619975
err=0.17315647
elapsed_time_chunk=5.618508
