[results]
loss=0.44809023
err=0.14113167
elapsed_time_chunk=6.388827
