[results]
loss=1.6063546
err=0.46219832
elapsed_time_chunk=5.972431
