[results]
loss=0.46636426
err=0.14591476
elapsed_time_chunk=6.009291
