[results]
loss=0.44548255
err=0.13892703
elapsed_time_chunk=5.647130
