[results]
loss=1.2409585
err=0.37584338
elapsed_time_chunk=5.633198
