[results]
loss=1.474941
err=0.4328398
elapsed_time_chunk=6.236851
