[results]
loss=0.9652978
err=0.30444884
elapsed_time_chunk=6.014799
