[results]
loss=0.44810286
err=0.14047322
elapsed_time_chunk=6.073720
