[results]
loss=0.7220071
err=0.23274353
elapsed_time_chunk=6.032988
