[results]
loss=0.51928395
err=0.16567096
elapsed_time_chunk=5.818337
