[results]
loss=0.49538618
err=0.15840517
elapsed_time_chunk=6.413815
