[results]
loss=2.1543448
err=0.5725253
elapsed_time_chunk=5.946193
