[results]
loss=0.4711825
err=0.14881244
elapsed_time_chunk=5.729090
