[results]
loss=0.9958324
err=0.3131204
elapsed_time_chunk=6.098741
