[results]
loss=1.4106228
err=0.4165259
elapsed_time_chunk=6.387120
