[results]
loss=0.49852628
err=0.15640797
elapsed_time_chunk=6.150858
