[results]
loss=0.4438255
err=0.13934162
elapsed_time_chunk=6.536847
