[results]
loss=0.5197955
err=0.16523392
elapsed_time_chunk=6.017082
