[results]
loss=0.49146643
err=0.15567856
elapsed_time_chunk=6.233144
