[results]
loss=0.4880737
err=0.15597814
elapsed_time_chunk=5.754529
