[results]
loss=1.2203083
err=0.37092137
elapsed_time_chunk=6.518452
