[results]
loss=0.49836332
err=0.15911205
elapsed_time_chunk=6.584813
