[results]
loss=0.6309511
err=0.20317797
elapsed_time_chunk=5.681690
