[results]
loss=0.4548086
err=0.1428969
elapsed_time_chunk=6.074646
