[results]
loss=0.44528827
err=0.13916016
elapsed_time_chunk=6.048147
