[results]
loss=0.4378703
err=0.13662054
elapsed_time_chunk=6.525786
