[results]
loss=0.7738968
err=0.24576257
elapsed_time_chunk=6.182507
