[results]
loss=0.45395634
err=0.14312123
elapsed_time_chunk=5.607198
