[results]
loss=1.1135272
err=0.34384853
elapsed_time_chunk=6.128390
