[results]
loss=1.3273914
err=0.39811972
elapsed_time_chunk=6.188776
