[results]
loss=3.4077322
err=0.73971707
elapsed_time_chunk=5.939184
