[results]
loss=1.0425363
err=0.3230914
elapsed_time_chunk=5.971034
