[results]
loss=1.6177382
err=0.46371847
elapsed_time_chunk=6.058630
