[results]
loss=0.5299959
err=0.16817155
elapsed_time_chunk=6.579597
