[results]
loss=5.1324506
err=0.86612296
elapsed_time_chunk=6.182777
