[results]
loss=1.035121
err=0.32292116
elapsed_time_chunk=6.099792
