[results]
loss=0.52517617
err=0.1654417
elapsed_time_chunk=6.219193
