[results]
loss=1.798875
err=0.50404763
elapsed_time_chunk=5.420676
