[results]
loss=1.0872393
err=0.33762133
elapsed_time_chunk=5.622135
