[results]
loss=0.44796473
err=0.14068714
elapsed_time_chunk=6.774970
