[results]
loss=0.44288617
err=0.13867077
elapsed_time_chunk=6.035211
