[results]
loss=0.47609952
err=0.15028273
elapsed_time_chunk=6.228819
