[results]
loss=0.7914616
err=0.2541902
elapsed_time_chunk=5.955127
