[results]
loss=0.66672295
err=0.21323502
elapsed_time_chunk=6.009359
