[results]
loss=0.87424433
err=0.27855542
elapsed_time_chunk=5.653721
