[results]
loss=5.1163816
err=0.86695
elapsed_time_chunk=6.427040
