[results]
loss=1.0038923
err=0.31372473
elapsed_time_chunk=6.739157
