[results]
loss=0.9755683
err=0.308145
elapsed_time_chunk=6.158127
