[results]
loss=0.7533329
err=0.24244657
elapsed_time_chunk=6.116604
