[results]
loss=1.386324
err=0.41213155
elapsed_time_chunk=6.126805
