[results]
loss=0.8134325
err=0.26084113
elapsed_time_chunk=6.174410
