[results]
loss=0.70534384
err=0.22747217
elapsed_time_chunk=6.009285
