[results]
loss=0.70607466
err=0.22659366
elapsed_time_chunk=6.057556
