[results]
loss=1.2995148
err=0.3921286
elapsed_time_chunk=5.733273
