[results]
loss=0.751008
err=0.24105997
elapsed_time_chunk=6.362247
