[results]
loss=0.6969319
err=0.22383036
elapsed_time_chunk=6.216056
