[results]
loss=1.2103434
err=0.36905754
elapsed_time_chunk=6.726098
