[results]
loss=0.7395984
err=0.23814285
elapsed_time_chunk=6.367000
