[results]
loss=1.1736628
err=0.36150405
elapsed_time_chunk=5.661366
