[results]
loss=0.8126275
err=0.25972515
elapsed_time_chunk=6.292662
