[results]
loss=0.7097888
err=0.22800925
elapsed_time_chunk=6.495132
