[results]
loss=1.6072041
err=0.46139732
elapsed_time_chunk=6.078904
