[results]
loss=0.71319395
err=0.23033035
elapsed_time_chunk=6.126986
