[results]
loss=1.7149581
err=0.48463896
elapsed_time_chunk=5.667744
