[results]
loss=2.4625716
err=0.6251706
elapsed_time_chunk=6.063598
