[results]
loss=1.4822416
err=0.43476877
elapsed_time_chunk=6.702154
