[results]
loss=0.7010954
err=0.22541192
elapsed_time_chunk=6.060495
