[results]
loss=1.3464248
err=0.40313455
elapsed_time_chunk=6.434299
