[results]
loss=1.156928
err=0.35625893
elapsed_time_chunk=6.478636
