[results]
loss=0.77944374
err=0.25036547
elapsed_time_chunk=5.720332
