[results]
loss=0.7301649
err=0.23463954
elapsed_time_chunk=6.080611
