[results]
loss=1.256286
err=0.3813941
elapsed_time_chunk=6.242807
