[results]
loss=0.90082663
err=0.2850449
elapsed_time_chunk=5.947891
