[results]
loss=1.2318141
err=0.37620294
elapsed_time_chunk=6.114063
