[results]
loss=0.73023605
err=0.23407142
elapsed_time_chunk=6.100107
