[results]
loss=1.4282798
err=0.42188385
elapsed_time_chunk=5.624091
