[results]
loss=2.047154
err=0.55300593
elapsed_time_chunk=6.190618
