[results]
loss=0.76049036
err=0.24314754
elapsed_time_chunk=6.175557
