[results]
loss=0.70600927
err=0.22797526
elapsed_time_chunk=5.685409
