[results]
loss=0.7084318
err=0.2265625
elapsed_time_chunk=6.181768
