[results]
loss=0.95238197
err=0.301158
elapsed_time_chunk=5.582922
