[results]
loss=1.0214968
err=0.3189825
elapsed_time_chunk=5.655680
