[results]
loss=1.13808
err=0.35327616
elapsed_time_chunk=6.238630
