[results]
loss=0.8529082
err=0.2716666
elapsed_time_chunk=6.009552
