[results]
loss=0.98850006
err=0.30948347
elapsed_time_chunk=6.470344
