[results]
loss=0.7112281
err=0.22729987
elapsed_time_chunk=6.035573
