[results]
loss=1.6324812
err=0.46830812
elapsed_time_chunk=5.981611
