[results]
loss=2.0850198
err=0.56091356
elapsed_time_chunk=6.333431
