[results]
loss=1.7710252
err=0.49845356
elapsed_time_chunk=6.583972
