[results]
loss=1.4668051
err=0.4305876
elapsed_time_chunk=6.069464
