[results]
loss=0.7193423
err=0.23069069
elapsed_time_chunk=6.461321
