[results]
loss=0.9816029
err=0.30616933
elapsed_time_chunk=6.034482
