[results]
loss=1.6003397
err=0.461293
elapsed_time_chunk=6.090453
