[results]
loss=0.7067275
err=0.22755916
elapsed_time_chunk=8.281809
