[results]
loss=0.70684516
err=0.22846402
elapsed_time_chunk=6.193164
