[results]
loss=1.9561439
err=0.53462
elapsed_time_chunk=6.332526
