[results]
loss=0.76938426
err=0.24702673
elapsed_time_chunk=5.824946
