[results]
loss=1.1805172
err=0.36100504
elapsed_time_chunk=6.255966
