[results]
loss=0.7460694
err=0.23999788
elapsed_time_chunk=6.226670
