[results]
loss=1.4245079
err=0.42161325
elapsed_time_chunk=6.347642
