[results]
loss=1.3157244
err=0.39369485
elapsed_time_chunk=6.538094
