[results]
loss=0.78641826
err=0.25117797
elapsed_time_chunk=6.092214
