[results]
loss=0.7070801
err=0.22804277
elapsed_time_chunk=6.854462
