[results]
loss=1.4920636
err=0.43763414
elapsed_time_chunk=6.257787
