[results]
loss=1.0256845
err=0.32087964
elapsed_time_chunk=6.165744
