[results]
loss=0.84879833
err=0.27066082
elapsed_time_chunk=6.278181
