[results]
loss=0.83602816
err=0.26647592
elapsed_time_chunk=6.287170
