[results]
loss=1.5028551
err=0.43917412
elapsed_time_chunk=5.665153
