[results]
loss=0.76985514
err=0.24817125
elapsed_time_chunk=6.841701
