[results]
loss=1.2592484
err=0.37971282
elapsed_time_chunk=6.141650
