[results]
loss=1.0703466
err=0.33159074
elapsed_time_chunk=6.084896
