[results]
loss=0.70462704
err=0.22732306
elapsed_time_chunk=6.297844
