[results]
loss=0.8301291
err=0.26618683
elapsed_time_chunk=6.387357
