[results]
loss=1.2787795
err=0.38677633
elapsed_time_chunk=6.157562
