[results]
loss=1.1322112
err=0.3480288
elapsed_time_chunk=6.208419
