[results]
loss=0.7245011
err=0.2326284
elapsed_time_chunk=5.960498
