[results]
loss=1.2215786
err=0.3733515
elapsed_time_chunk=6.223702
