[results]
loss=0.7307485
err=0.23489584
elapsed_time_chunk=6.619516
