[results]
loss=0.91749066
err=0.2917094
elapsed_time_chunk=6.681740
