[results]
loss=1.1142588
err=0.34481594
elapsed_time_chunk=6.576260
