[results]
loss=0.78072786
err=0.25017446
elapsed_time_chunk=6.289710
