[results]
loss=0.73177636
err=0.2359393
elapsed_time_chunk=5.633574
