[results]
loss=0.89251196
err=0.28271347
elapsed_time_chunk=6.061674
