[results]
loss=1.5780045
err=0.4559315
elapsed_time_chunk=6.530814
