[results]
loss=0.93543226
err=0.2951837
elapsed_time_chunk=6.199244
