[results]
loss=0.8299845
err=0.26371706
elapsed_time_chunk=6.110987
