[results]
loss=1.7665668
err=0.49986866
elapsed_time_chunk=6.162429
