[results]
loss=0.9481317
err=0.30042288
elapsed_time_chunk=6.326537
