[results]
loss=1.3412902
err=0.40010306
elapsed_time_chunk=6.298830
