[results]
loss=0.68922395
err=0.22191808
elapsed_time_chunk=6.100220
