[results]
loss=1.5008329
err=0.44099578
elapsed_time_chunk=6.249651
