[results]
loss=1.7596604
err=0.49605098
elapsed_time_chunk=6.213379
