[results]
loss=1.5998803
err=0.46176523
elapsed_time_chunk=5.775575
