[results]
loss=0.6984275
err=0.22499825
elapsed_time_chunk=5.697150
