[results]
loss=0.71316594
err=0.23066998
elapsed_time_chunk=6.164349
