[results]
loss=1.9683058
err=0.5371661
elapsed_time_chunk=6.249284
