[results]
loss=1.4063345
err=0.41705316
elapsed_time_chunk=6.109297
