[results]
loss=3.4598713
err=0.7512173
elapsed_time_chunk=6.570343
