[results]
loss=0.87041825
err=0.2766425
elapsed_time_chunk=6.134042
