[results]
loss=1.3417846
err=0.4018549
elapsed_time_chunk=5.598567
