[results]
loss=1.1599535
err=0.3564593
elapsed_time_chunk=6.303630
