[results]
loss=0.78832793
err=0.25292018
elapsed_time_chunk=6.151023
