[results]
loss=0.96588004
err=0.30475372
elapsed_time_chunk=5.689706
