[results]
loss=0.966979
err=0.3040607
elapsed_time_chunk=6.069169
