[results]
loss=0.832807
err=0.265952
elapsed_time_chunk=5.782625
