[results]
loss=0.70646846
err=0.22731638
elapsed_time_chunk=6.216608
