[results]
loss=0.7157547
err=0.23145585
elapsed_time_chunk=5.669470
