[results]
loss=0.72348624
err=0.2326147
elapsed_time_chunk=6.111197
