[results]
loss=1.3192028
err=0.396892
elapsed_time_chunk=6.611159
