[results]
loss=0.7613705
err=0.24459888
elapsed_time_chunk=6.591837
