[results]
loss=0.8278729
err=0.26458874
elapsed_time_chunk=6.319769
