[results]
loss=1.7483974
err=0.4930061
elapsed_time_chunk=6.123657
