[results]
loss=0.7095841
err=0.22885741
elapsed_time_chunk=5.967743
