[results]
loss=2.7442713
err=0.66561866
elapsed_time_chunk=5.934585
