[results]
loss=1.9301369
err=0.53141606
elapsed_time_chunk=5.726724
