[results]
loss=0.7885795
err=0.25281724
elapsed_time_chunk=6.131979
