[results]
loss=0.84272325
err=0.26939428
elapsed_time_chunk=5.592797
