[results]
loss=0.70781916
err=0.22802988
elapsed_time_chunk=6.137589
