[results]
loss=0.70460844
err=0.22715347
elapsed_time_chunk=6.515690
