[results]
loss=2.2849956
err=0.5971194
elapsed_time_chunk=6.247357
