[results]
loss=0.7120252
err=0.23012783
elapsed_time_chunk=6.060034
