[results]
loss=1.2015508
err=0.36788994
elapsed_time_chunk=6.408204
