[results]
loss=0.69716626
err=0.22470343
elapsed_time_chunk=5.969549
