[results]
loss=0.7228209
err=0.23310666
elapsed_time_chunk=5.431772
