[results]
loss=1.4273826
err=0.42352164
elapsed_time_chunk=7.872155
