[results]
loss=0.9648832
err=0.3025154
elapsed_time_chunk=6.304600
