[results]
loss=0.9628188
err=0.30226955
elapsed_time_chunk=5.573388
