[results]
loss=0.9635976
err=0.30307654
elapsed_time_chunk=6.712770
