[results]
loss=1.7399615
err=0.4931487
elapsed_time_chunk=6.194898
