[results]
loss=1.1949074
err=0.3653274
elapsed_time_chunk=6.597742
