[results]
loss=1.7010512
err=0.48682114
elapsed_time_chunk=6.526311
