[results]
loss=1.5069169
err=0.4411662
elapsed_time_chunk=6.641615
