[results]
loss=3.3227365
err=0.74874693
elapsed_time_chunk=7.440045
