[results]
loss=1.5651555
err=0.45495242
elapsed_time_chunk=5.952859
