[results]
loss=1.5395367
err=0.44634953
elapsed_time_chunk=6.746820
