[results]
loss=1.4953256
err=0.43830556
elapsed_time_chunk=6.679900
