[results]
loss=1.712377
err=0.48826802
elapsed_time_chunk=6.540233
