[results]
loss=1.6692437
err=0.47983634
elapsed_time_chunk=6.241054
