[results]
loss=1.9813378
err=0.54248047
elapsed_time_chunk=5.823814
