[results]
loss=1.5433261
err=0.44887018
elapsed_time_chunk=5.521510
