[results]
loss=2.1151466
err=0.56969726
elapsed_time_chunk=8.662071
