[results]
loss=1.5355304
err=0.44854662
elapsed_time_chunk=6.399966
