[results]
loss=2.0430462
err=0.55702245
elapsed_time_chunk=7.328259
