[results]
loss=2.4740765
err=0.6320272
elapsed_time_chunk=6.216990
