[results]
loss=1.9817256
err=0.54479754
elapsed_time_chunk=6.399439
