[results]
loss=1.8368175
err=0.51200014
elapsed_time_chunk=6.368651
