[results]
loss=1.6331142
err=0.4707408
elapsed_time_chunk=5.982709
