[results]
loss=1.669495
err=0.47962424
elapsed_time_chunk=7.596892
