[results]
loss=1.5842332
err=0.45892742
elapsed_time_chunk=6.852127
