[results]
loss=1.980849
err=0.5419054
elapsed_time_chunk=7.323019
