[results]
loss=1.7388185
err=0.4936176
elapsed_time_chunk=5.596350
