[results]
loss=1.7621077
err=0.5001459
elapsed_time_chunk=6.110307
