[results]
loss=1.5018932
err=0.44098684
elapsed_time_chunk=8.078732
