[results]
loss=2.143344
err=0.57560885
elapsed_time_chunk=7.167394
