[results]
loss=1.7508162
err=0.49557513
elapsed_time_chunk=6.063016
