[results]
loss=2.0538025
err=0.5574277
elapsed_time_chunk=7.485660
