[results]
loss=1.645696
err=0.47433782
elapsed_time_chunk=6.187975
