[results]
loss=1.8169006
err=0.5104242
elapsed_time_chunk=5.652562
