[results]
loss=1.564717
err=0.45615178
elapsed_time_chunk=6.274273
