[results]
loss=1.512913
err=0.44464847
elapsed_time_chunk=6.741204
