[results]
loss=2.4915364
err=0.63846153
elapsed_time_chunk=8.810019
