[results]
loss=1.6748776
err=0.47977656
elapsed_time_chunk=9.715611
