[results]
loss=2.3178153
err=0.60848343
elapsed_time_chunk=6.297344
