[results]
loss=2.0561872
err=0.5590726
elapsed_time_chunk=7.104639
