[results]
loss=1.8172644
err=0.5117433
elapsed_time_chunk=6.472002
