[results]
loss=1.7017553
err=0.48566446
elapsed_time_chunk=6.204321
