[results]
loss=1.8024018
err=0.50629914
elapsed_time_chunk=8.498365
