[results]
loss=1.4962084
err=0.44005063
elapsed_time_chunk=6.067921
