[results]
loss=1.4795088
err=0.43484375
elapsed_time_chunk=6.746522
