[results]
loss=1.4847962
err=0.43703255
elapsed_time_chunk=7.377052
