[results]
loss=1.5124534
err=0.44430205
elapsed_time_chunk=6.364795
