[results]
loss=1.9114022
err=0.5293058
elapsed_time_chunk=7.715467
