[results]
loss=2.160056
err=0.57770586
elapsed_time_chunk=6.958051
