[results]
loss=1.7632617
err=0.49783558
elapsed_time_chunk=6.519014
