[results]
loss=1.8985145
err=0.5261545
elapsed_time_chunk=8.093393
