[results]
loss=1.6311973
err=0.46996105
elapsed_time_chunk=8.753815
