[results]
loss=1.5583549
err=0.452575
elapsed_time_chunk=5.572513
