[results]
loss=1.5729164
err=0.45853123
elapsed_time_chunk=7.366103
