[results]
loss=2.1422014
err=0.57341963
elapsed_time_chunk=10.557041
