[results]
loss=1.8418453
err=0.51660216
elapsed_time_chunk=6.065211
