[results]
loss=1.5706574
err=0.455866
elapsed_time_chunk=8.833437
