[results]
loss=1.7000266
err=0.4872564
elapsed_time_chunk=6.011275
