[results]
loss=1.7337137
err=0.49061444
elapsed_time_chunk=7.585494
