[results]
loss=1.5116991
err=0.44212732
elapsed_time_chunk=8.829856
