[results]
loss=1.8266958
err=0.5119146
elapsed_time_chunk=9.401820
