[results]
loss=1.6295877
err=0.46915168
elapsed_time_chunk=6.321668
