[results]
loss=1.895719
err=0.5252585
elapsed_time_chunk=6.035834
