[results]
loss=1.8497044
err=0.5171691
elapsed_time_chunk=5.709982
