[results]
loss=1.7627646
err=0.49810618
elapsed_time_chunk=6.083802
