[results]
loss=1.8049634
err=0.50773644
elapsed_time_chunk=6.091237
