[results]
loss=1.8034209
err=0.5079575
elapsed_time_chunk=6.249195
