[results]
loss=1.5334339
err=0.44771913
elapsed_time_chunk=5.998018
