[results]
loss=2.5775359
err=0.6500797
elapsed_time_chunk=9.017243
