[results]
loss=1.800341
err=0.5075487
elapsed_time_chunk=6.123243
