[results]
loss=1.8729155
err=0.522565
elapsed_time_chunk=6.359359
