[results]
loss=2.292819
err=0.60439587
elapsed_time_chunk=6.162859
