[results]
loss=2.221987
err=0.58867806
elapsed_time_chunk=7.148680
