[results]
loss=1.501817
err=0.4417002
elapsed_time_chunk=6.110362
