[results]
loss=1.6014513
err=0.46224105
elapsed_time_chunk=9.118826
