[results]
loss=1.897065
err=0.5269983
elapsed_time_chunk=6.105321
