[results]
loss=1.6445557
err=0.47412974
elapsed_time_chunk=6.099156
