[results]
loss=1.9307448
err=0.53184617
elapsed_time_chunk=6.715293
