[results]
loss=1.6944896
err=0.48426896
elapsed_time_chunk=5.589733
