[results]
loss=2.822345
err=0.68913233
elapsed_time_chunk=7.541928
