[results]
loss=1.5283152
err=0.4463125
elapsed_time_chunk=6.018839
