[results]
loss=2.0442972
err=0.55549246
elapsed_time_chunk=8.632382
