[results]
loss=1.8547671
err=0.51696324
elapsed_time_chunk=6.519570
