[results]
loss=1.7334985
err=0.49267215
elapsed_time_chunk=6.660595
