[results]
loss=4.0533323
err=0.8134096
elapsed_time_chunk=6.661940
