[results]
loss=3.0173821
err=0.7156879
elapsed_time_chunk=10.735322
