[results]
loss=1.6661048
err=0.47792062
elapsed_time_chunk=6.136365
