[results]
loss=1.9210917
err=0.53172106
elapsed_time_chunk=5.600167
