[results]
loss=1.7132034
err=0.48790058
elapsed_time_chunk=7.571287
