[results]
loss=1.6419902
err=0.47335923
elapsed_time_chunk=6.699552
