[results]
loss=1.7463176
err=0.49384144
elapsed_time_chunk=6.023162
