[results]
loss=1.4872621
err=0.43579036
elapsed_time_chunk=7.390782
