[results]
loss=1.9930537
err=0.5434146
elapsed_time_chunk=6.741968
