[results]
loss=1.9469384
err=0.5358825
elapsed_time_chunk=9.472464
