[results]
loss=1.5136975
err=0.44325283
elapsed_time_chunk=9.966848
