[results]
loss=1.6679384
err=0.4781807
elapsed_time_chunk=6.157796
