[results]
loss=2.2612267
err=0.59551764
elapsed_time_chunk=6.205764
