[results]
loss=1.687714
err=0.4851257
elapsed_time_chunk=6.682667
