[results]
loss=1.55131
err=0.45204043
elapsed_time_chunk=8.233034
