[results]
loss=2.4295301
err=0.62708664
elapsed_time_chunk=5.702446
