[results]
loss=1.5008157
err=0.4386393
elapsed_time_chunk=6.028197
