[results]
loss=5.485023
err=0.88777894
elapsed_time_chunk=9.171459
