[results]
loss=1.5083225
err=0.44243678
elapsed_time_chunk=6.829053
