[results]
loss=1.5011036
err=0.4381391
elapsed_time_chunk=7.353243
