[results]
loss=2.30815
err=0.60573393
elapsed_time_chunk=8.102649
