[results]
loss=1.5001801
err=0.44028416
elapsed_time_chunk=9.301363
