[results]
loss=1.556083
err=0.45397726
elapsed_time_chunk=6.042544
