[results]
loss=1.8126781
err=0.5099509
elapsed_time_chunk=6.248952
