[results]
loss=2.640672
err=0.6638011
elapsed_time_chunk=7.051017
