[results]
loss=1.7388976
err=0.4942907
elapsed_time_chunk=6.163827
