[results]
loss=1.7923911
err=0.5043334
elapsed_time_chunk=6.946926
