[results]
loss=2.1480916
err=0.5752765
elapsed_time_chunk=7.018696
