[results]
loss=1.701021
err=0.48565307
elapsed_time_chunk=6.012794
