[results]
loss=1.5187685
err=0.44416717
elapsed_time_chunk=6.030760
