[results]
loss=1.5950367
err=0.46249735
elapsed_time_chunk=10.187507
