[results]
loss=1.6600838
err=0.4757165
elapsed_time_chunk=6.766727
