[results]
loss=1.7852747
err=0.50512433
elapsed_time_chunk=6.191904
