[results]
loss=1.492067
err=0.438431
elapsed_time_chunk=7.784420
