[results]
loss=2.0375068
err=0.55452806
elapsed_time_chunk=5.677347
