[results]
loss=1.6878943
err=0.48034063
elapsed_time_chunk=5.632285
