[results]
loss=1.4915837
err=0.43768802
elapsed_time_chunk=6.460814
