[results]
loss=1.9342763
err=0.53422636
elapsed_time_chunk=6.640288
