[results]
loss=1.5968806
err=0.46242985
elapsed_time_chunk=6.520509
