[results]
loss=1.678874
err=0.48221615
elapsed_time_chunk=7.099138
