[results]
loss=1.4675883
err=0.4313209
elapsed_time_chunk=7.206203
