[results]
loss=1.6989908
err=0.4840641
elapsed_time_chunk=5.895796
