[results]
loss=1.1874369
err=0.35942462
elapsed_time_chunk=6.320419
