[results]
loss=2.3476424
err=0.5979143
elapsed_time_chunk=6.317852
