[results]
loss=1.8882096
err=0.5167366
elapsed_time_chunk=6.523067
