[results]
loss=1.5039115
err=0.43723434
elapsed_time_chunk=6.276690
