[results]
loss=1.6857126
err=0.47621775
elapsed_time_chunk=6.297735
