[results]
loss=2.7484767
err=0.6532455
elapsed_time_chunk=6.429617
