[results]
loss=1.1262618
err=0.34441963
elapsed_time_chunk=6.445251
