[results]
loss=1.4415288
err=0.4238754
elapsed_time_chunk=6.924238
