[results]
loss=1.6859208
err=0.47697973
elapsed_time_chunk=5.977774
