[results]
loss=1.22125
err=0.37020403
elapsed_time_chunk=6.344066
