[results]
loss=1.1219969
err=0.3439453
elapsed_time_chunk=6.284532
