[results]
loss=1.5499197
err=0.44775113
elapsed_time_chunk=6.479908
