[results]
loss=1.2256684
err=0.37088817
elapsed_time_chunk=6.465262
