[results]
loss=1.6026456
err=0.46099123
elapsed_time_chunk=6.188802
