[results]
loss=1.2186064
err=0.36747393
elapsed_time_chunk=6.458581
