[results]
loss=1.185163
err=0.36058164
elapsed_time_chunk=7.057886
