[results]
loss=1.175684
err=0.3572475
elapsed_time_chunk=6.042012
