[results]
loss=1.1962137
err=0.36423782
elapsed_time_chunk=6.165047
