[results]
loss=1.447398
err=0.42345858
elapsed_time_chunk=6.541736
