[results]
loss=1.5290568
err=0.44300818
elapsed_time_chunk=6.530154
