[results]
loss=1.3025551
err=0.3891116
elapsed_time_chunk=6.228256
