[results]
loss=1.1974638
err=0.36358875
elapsed_time_chunk=6.885497
