[results]
loss=1.2565895
err=0.37863624
elapsed_time_chunk=6.175004
