[results]
loss=1.3811115
err=0.4088676
elapsed_time_chunk=6.171447
