[results]
loss=1.7672904
err=0.4935205
elapsed_time_chunk=6.424548
