[results]
loss=1.1144918
err=0.339554
elapsed_time_chunk=6.695142
