[results]
loss=1.0909574
err=0.33530715
elapsed_time_chunk=6.388932
