[results]
loss=1.139014
err=0.3499866
elapsed_time_chunk=6.399927
