[results]
loss=1.9046369
err=0.5225993
elapsed_time_chunk=6.089087
