[results]
loss=1.2638489
err=0.3807666
elapsed_time_chunk=5.814815
