[results]
loss=1.2027147
err=0.36547473
elapsed_time_chunk=6.887523
