[results]
loss=1.1280468
err=0.34625986
elapsed_time_chunk=6.452733
