[results]
loss=1.5786299
err=0.45267317
elapsed_time_chunk=6.334754
