[results]
loss=1.08137
err=0.33211714
elapsed_time_chunk=6.535339
