[results]
loss=1.6827837
err=0.47767666
elapsed_time_chunk=6.480311
