[results]
loss=1.4993135
err=0.43674803
elapsed_time_chunk=6.239059
