[results]
loss=1.0813287
err=0.3333127
elapsed_time_chunk=6.458593
