[results]
loss=1.2250414
err=0.3708027
elapsed_time_chunk=6.771192
