[results]
loss=1.9010653
err=0.5202219
elapsed_time_chunk=6.453363
