[results]
loss=1.2617075
err=0.37899327
elapsed_time_chunk=6.321428
