[results]
loss=1.468317
err=0.43058035
elapsed_time_chunk=6.277909
