[results]
loss=1.2967091
err=0.38874412
elapsed_time_chunk=5.970826
