[results]
loss=2.0779452
err=0.5553006
elapsed_time_chunk=6.610011
