[results]
loss=1.0823998
err=0.33404112
elapsed_time_chunk=6.415435
