[results]
loss=1.0920115
err=0.3353272
elapsed_time_chunk=6.381086
