[results]
loss=1.142713
err=0.3494262
elapsed_time_chunk=6.323927
