[results]
loss=1.0836189
err=0.33359286
elapsed_time_chunk=7.025581
