[results]
loss=1.3022504
err=0.38859808
elapsed_time_chunk=5.990653
