[results]
loss=1.4224005
err=0.41987213
elapsed_time_chunk=6.675292
