[results]
loss=1.4721634
err=0.43170378
elapsed_time_chunk=5.756098
