[results]
loss=1.1137513
err=0.34182903
elapsed_time_chunk=5.898405
