[results]
loss=1.6962306
err=0.479526
elapsed_time_chunk=6.481792
