[results]
loss=1.0937239
err=0.33776918
elapsed_time_chunk=6.623281
