[results]
loss=1.0816658
err=0.33361876
elapsed_time_chunk=6.383382
