[results]
loss=4.1198187
err=0.78634375
elapsed_time_chunk=6.904741
