[results]
loss=1.0848722
err=0.33451992
elapsed_time_chunk=6.556759
