[results]
loss=1.0536917
err=0.32478192
elapsed_time_chunk=6.346902
