[results]
loss=1.264125
err=0.37982076
elapsed_time_chunk=6.303635
