[results]
loss=1.1000769
err=0.33748212
elapsed_time_chunk=6.425370
