[results]
loss=1.8539428
err=0.51166344
elapsed_time_chunk=5.936907
