[results]
loss=1.0662178
err=0.32935855
elapsed_time_chunk=6.622310
