[results]
loss=2.0391653
err=0.5461194
elapsed_time_chunk=6.164606
