[results]
loss=1.9899647
err=0.53607124
elapsed_time_chunk=6.137797
