[results]
loss=1.7717378
err=0.49397242
elapsed_time_chunk=6.387403
