[results]
loss=1.2510719
err=0.37704527
elapsed_time_chunk=6.263823
