[results]
loss=1.197199
err=0.3640999
elapsed_time_chunk=6.369118
