[results]
loss=1.2362076
err=0.37302485
elapsed_time_chunk=6.457280
