[results]
loss=1.0985404
err=0.33826834
elapsed_time_chunk=6.116255
