[results]
loss=1.2538465
err=0.37679768
elapsed_time_chunk=6.642245
