[results]
loss=1.0742201
err=0.33167332
elapsed_time_chunk=6.457451
