[results]
loss=1.7658286
err=0.4944145
elapsed_time_chunk=6.287455
