[results]
loss=1.1561335
err=0.3526122
elapsed_time_chunk=6.220586
