[results]
loss=1.2286053
err=0.37335107
elapsed_time_chunk=6.106917
