[results]
loss=1.4716612
err=0.43054417
elapsed_time_chunk=6.467677
