[results]
loss=1.4532621
err=0.42668644
elapsed_time_chunk=6.974421
