[results]
loss=2.2774427
err=0.5895902
elapsed_time_chunk=5.862570
