[results]
loss=3.5302289
err=0.7389682
elapsed_time_chunk=6.616842
