[results]
loss=2.5671403
err=0.6278071
elapsed_time_chunk=6.366351
