[results]
loss=1.3097028
err=0.39185625
elapsed_time_chunk=6.327745
