[results]
loss=1.6101834
err=0.4608797
elapsed_time_chunk=6.116486
