[results]
loss=1.2420429
err=0.3760396
elapsed_time_chunk=6.715571
