[results]
loss=4.930464
err=0.8430008
elapsed_time_chunk=6.375700
