[results]
loss=1.1207483
err=0.3438955
elapsed_time_chunk=6.841028
