[results]
loss=1.332923
err=0.39666456
elapsed_time_chunk=6.281002
