[results]
loss=1.5718725
err=0.45339516
elapsed_time_chunk=6.411373
