[results]
loss=1.4389676
err=0.42221847
elapsed_time_chunk=6.184646
