[results]
loss=5.937098
err=0.8928245
elapsed_time_chunk=6.305717
