[results]
loss=1.7591227
err=0.4933257
elapsed_time_chunk=6.275378
