[results]
loss=1.6543927
err=0.4700869
elapsed_time_chunk=6.408524
