[results]
loss=1.2508883
err=0.37517676
elapsed_time_chunk=5.952087
