[results]
loss=1.3362932
err=0.39802113
elapsed_time_chunk=6.239800
