[results]
loss=1.5827152
err=0.45600468
elapsed_time_chunk=6.613245
