[results]
loss=1.1184576
err=0.34184298
elapsed_time_chunk=5.757676
