[results]
loss=2.1334429
err=0.5626666
elapsed_time_chunk=6.233696
