[results]
loss=1.1456102
err=0.34852013
elapsed_time_chunk=6.412277
