[results]
loss=1.0885125
err=0.33546603
elapsed_time_chunk=6.036452
