[results]
loss=1.0934759
err=0.33738977
elapsed_time_chunk=6.504033
