[results]
loss=1.0608357
err=0.32741517
elapsed_time_chunk=6.354388
