[results]
loss=1.3079498
err=0.39086336
elapsed_time_chunk=5.988497
