[results]
loss=1.5162468
err=0.44096446
elapsed_time_chunk=5.894327
