[results]
loss=1.7841505
err=0.4958987
elapsed_time_chunk=6.630931
