[results]
loss=1.276205
err=0.38349745
elapsed_time_chunk=6.867012
