[results]
loss=1.1027608
err=0.33903626
elapsed_time_chunk=6.132786
