[results]
loss=1.1386977
err=0.34826258
elapsed_time_chunk=5.796319
