[results]
loss=1.3448693
err=0.3999148
elapsed_time_chunk=6.297860
