[results]
loss=1.0628822
err=0.32690722
elapsed_time_chunk=6.442377
