[results]
loss=1.615092
err=0.45991424
elapsed_time_chunk=6.363510
