[results]
loss=2.1093755
err=0.55913526
elapsed_time_chunk=6.760663
