[results]
loss=1.461711
err=0.42965618
elapsed_time_chunk=6.356382
