[results]
loss=1.6285926
err=0.4654086
elapsed_time_chunk=6.681425
