[results]
loss=1.4069532
err=0.41355717
elapsed_time_chunk=6.303338
