[results]
loss=1.3145096
err=0.3930956
elapsed_time_chunk=6.378660
