[results]
loss=2.4186692
err=0.6081419
elapsed_time_chunk=6.514476
