[results]
loss=1.0827308
err=0.33325306
elapsed_time_chunk=7.044506
