[results]
loss=1.5079626
err=0.4372917
elapsed_time_chunk=6.666226
