[results]
loss=1.0770638
err=0.33261687
elapsed_time_chunk=6.222281
