[results]
loss=1.078926
err=0.3307932
elapsed_time_chunk=6.314809
