[results]
loss=1.1606872
err=0.35323375
elapsed_time_chunk=6.493728
