[results]
loss=1.8994093
err=0.51901335
elapsed_time_chunk=6.680728
