[results]
loss=3.078967
err=0.6934357
elapsed_time_chunk=6.082290
